transaction_id,transaction_date,city,customer_id,card_type,expense_type,gender,amount,payment_mode,merchant,merchant_category,approval_status,branch_code
e100000,2026-03-22,Kolkata,C82772,Visa,Travel,Male,13664.85,Credit,IRCTC,Fuel,Declined,BR145
e100001,2026-02-27,Kolkata,C71833,Visa,Dining,Female,8029.05,UPI,HPCL,Retail,Approved,BR136
e100002,2026-04-04,Chennai,C95908,Visa,Travel,Male,21133.23,NetBanking,Amazon,Utilities,Declined,BR147
e100003,2026-06-27,Vizag,C23949,MasterCard,Fuel,Male,17744.35,Credit,Amazon,E-commerce,Approved,BR148
e100004,2026-02-12,Vizag,C44177,Amex,Fuel,Female,7313.36,NetBanking,Zomato,Utilities,Declined,BR134
e100005,2026-04-28,Hyderabad,C59804,MasterCard,Fuel,Female,6415.82,UPI,Swiggy,Food,Declined,BR144
e100006,2026-04-13,Bengaluru,C81442,RuPay,Dining,Female,6122.52,UPI,IOCL,Retail,Declined,BR125
e100007,2026-01-13,Chennai,C75694,RuPay,Travel,Male,13695.18,Credit,Zomato,Retail,Approved,BR133
e100008,2026-06-17,Chennai,C44800,MasterCard,Shopping,Male,2280.82,Credit,Swiggy,E-commerce,Approved,BR114
e100009,2026-01-11,Pune,C71026,MasterCard,Utilities,Female,18682.87,Credit,HPCL,Food,Declined,BR116
e100010,2026-06-27,Mumbai,C16910,RuPay,Shopping,Male,11418.42,Credit,DMart,Travel,Declined,BR113
e100011,2026-01-12,Mumbai,C87362,Amex,Utilities,Male,3178.68,UPI,Reliance,E-commerce,Declined,BR142
e100012,2026-03-07,Hyderabad,C60979,RuPay,Shopping,Male,18144.9,Credit,HPCL,Retail,Declined,BR120
e100013,2026-06-18,Pune,C61500,MasterCard,Fuel,Male,17184.31,Credit,Swiggy,Fuel,Declined,BR131
e100014,2026-04-05,Bengaluru,C35369,Visa,Shopping,Female,16651.27,NetBanking,Swiggy,Food,Approved,BR126
e100015,2026-06-30,Vizag,C18583,Amex,Groceries,Male,16691.8,Credit,Zomato,Food,Approved,BR104
e100016,2026-01-27,Mumbai,C86967,RuPay,Utilities,Female,10167.96,NetBanking,Swiggy,Travel,Declined,BR138
e100017,2026-04-13,Chennai,C18874,Visa,Utilities,Female,4050.98,Credit,IOCL,Fuel,Approved,BR127
e100018,2026-01-04,Kolkata,C87280,Amex,Fuel,Male,13796.58,UPI,IRCTC,Utilities,Declined,BR121
e100019,2026-02-27,Pune,C72798,Visa,Utilities,Male,19843.24,Credit,Reliance,Utilities,Approved,BR126
e100020,2026-03-21,Vizag,C70011,Visa,Travel,Female,18069.94,NetBanking,Amazon,Retail,Approved,BR114
e100021,2026-05-13,Bengaluru,C94999,MasterCard,Shopping,Male,11191.53,NetBanking,DMart,Fuel,Declined,BR143
e100022,2026-04-11,Mumbai,C31798,MasterCard,Utilities,Male,21420.89,NetBanking,DMart,Utilities,Declined,BR111
e100023,2026-03-09,Hyderabad,C87988,MasterCard,Fuel,Female,22806.13,NetBanking,Swiggy,Fuel,Approved,BR114
e100024,2026-05-04,Chennai,C97230,Visa,Travel,Female,9759.21,UPI,IOCL,Retail,Declined,BR125
e100025,2026-05-02,Bengaluru,C43393,MasterCard,Travel,Female,22576.38,UPI,IRCTC,Retail,Approved,BR129
e100026,2026-05-07,Chennai,C71777,MasterCard,Fuel,Male,18563.18,UPI,IOCL,Fuel,Declined,BR142
e100027,2026-04-09,Bengaluru,C47449,Amex,Shopping,Female,9830.57,UPI,Reliance,Utilities,Declined,BR131
e100028,2026-04-17,Hyderabad,C51194,MasterCard,Groceries,Male,18074.99,Credit,IRCTC,Utilities,Approved,BR137
e100029,2026-01-05,Mumbai,C87231,Amex,Fuel,Female,12195.99,UPI,IRCTC,Utilities,Declined,BR136
e100030,2026-02-02,Bengaluru,C94593,Visa,Shopping,Female,21923.98,NetBanking,Reliance,Fuel,Approved,BR108
e100031,2026-01-04,Bengaluru,C16653,Amex,Groceries,Male,16529.67,UPI,DMart,Utilities,Approved,BR129
e100032,2026-04-16,Delhi,C79589,Amex,Shopping,Male,5728.74,UPI,IRCTC,Retail,Approved,BR148
e100033,2026-02-16,Pune,C37541,RuPay,Groceries,Female,7958.39,NetBanking,Swiggy,E-commerce,Approved,BR101
e100034,2026-06-28,Vizag,C79871,Amex,Travel,Female,1135.93,UPI,DMart,Food,Approved,BR107
e100035,2026-06-11,Bengaluru,C40125,RuPay,Dining,Female,2315.96,NetBanking,Zomato,Travel,Approved,BR146
e100036,2026-05-16,Mumbai,C22915,Amex,Travel,Male,15796.91,Credit,Zomato,Food,Approved,BR138
e100037,2026-03-08,Hyderabad,C96932,Visa,Shopping,Male,15640.87,Credit,Swiggy,Fuel,Approved,BR106
e100038,2026-05-16,Vizag,C20493,MasterCard,Travel,Female,6120.57,Credit,Zomato,Utilities,Approved,BR144
e100039,2026-06-15,Kolkata,C75392,RuPay,Groceries,Female,15538.95,UPI,Swiggy,Travel,Declined,BR146
e100040,2026-04-02,Chennai,C66230,MasterCard,Fuel,Male,22925.52,NetBanking,HPCL,Fuel,Declined,BR126
e100041,2026-01-02,Chennai,C11467,RuPay,Fuel,Female,8467.18,NetBanking,IRCTC,E-commerce,Approved,BR117
e100042,2026-06-21,Bengaluru,C64143,RuPay,Dining,Male,3211.82,Credit,Reliance,Fuel,Approved,BR118
e100043,2026-06-17,Mumbai,C20577,Visa,Utilities,Male,16200.03,NetBanking,Reliance,Fuel,Declined,BR104
e100044,2026-01-30,Chennai,C93637,RuPay,Utilities,Male,14863.1,NetBanking,DMart,Fuel,Approved,BR137
e100045,2026-01-16,Hyderabad,C86404,Visa,Groceries,Male,9381.85,Credit,DMart,E-commerce,Approved,BR116
e100046,2026-05-31,Hyderabad,C43532,Amex,Utilities,Male,22119.71,UPI,Amazon,E-commerce,Approved,BR133
e100047,2026-06-27,Bengaluru,C76465,RuPay,Fuel,Male,21521.75,UPI,Amazon,Travel,Approved,BR115
e100048,2026-01-08,Mumbai,C43800,Amex,Travel,Female,9175.61,NetBanking,Amazon,Retail,Declined,BR103
e100049,2026-03-01,Kolkata,C14352,RuPay,Fuel,Male,20526.18,Credit,HPCL,Utilities,Declined,BR132
e100050,2026-01-11,Kolkata,C16456,Visa,Travel,Female,3166.97,UPI,IOCL,Travel,Declined,BR125
e100051,2026-05-23,Delhi,C49835,MasterCard,Dining,Female,21195.95,Credit,Reliance,Travel,Declined,BR119
e100052,2026-03-15,Pune,C30551,Amex,Shopping,Male,6796.43,NetBanking,DMart,Utilities,Approved,BR101
e100053,2026-03-18,Bengaluru,C58967,Amex,Utilities,Male,15354.79,Credit,DMart,Retail,Declined,BR149
e100054,2026-05-23,Delhi,C74190,Visa,Dining,Female,2682.48,Credit,Amazon,Food,Declined,BR117
e100055,2026-01-20,Chennai,C94141,Visa,Shopping,Male,6792.81,Credit,IOCL,Fuel,Approved,BR113
e100056,2026-06-11,Vizag,C25596,Amex,Dining,Male,6497.47,Credit,HPCL,Travel,Approved,BR128
e100057,2026-02-27,Hyderabad,C36347,RuPay,Utilities,Male,24919.86,NetBanking,Amazon,Retail,Declined,BR140
e100058,2026-05-09,Kolkata,C89395,Amex,Dining,Male,16551.15,UPI,IRCTC,Travel,Declined,BR125
e100059,2026-02-06,Mumbai,C34080,Visa,Dining,Male,7276.1,Credit,HPCL,Travel,Approved,BR137
e100060,2026-02-24,Chennai,C83137,RuPay,Fuel,Male,24041.32,NetBanking,Swiggy,Retail,Approved,BR139
e100061,2026-04-04,Hyderabad,C37528,MasterCard,Groceries,Female,8209.69,UPI,Swiggy,E-commerce,Approved,BR123
e100062,2026-04-09,Chennai,C37140,Visa,Shopping,Male,11351.91,UPI,IOCL,Fuel,Approved,BR112
e100063,2026-01-12,Hyderabad,C83380,Amex,Groceries,Male,6505.6,Credit,Amazon,Food,Approved,BR105
e100064,2026-05-27,Kolkata,C74118,Amex,Groceries,Male,19682.6,Credit,Reliance,Utilities,Declined,BR146
e100065,2026-01-31,Bengaluru,C31954,Amex,Shopping,Male,6090.67,Credit,HPCL,Utilities,Declined,BR115
e100066,2026-02-28,Hyderabad,C21356,Amex,Fuel,Male,20983.85,UPI,Zomato,E-commerce,Declined,BR149
e100067,2026-03-19,Pune,C82538,Visa,Shopping,Female,7567.0,Credit,IOCL,Travel,Approved,BR144
e100068,2026-04-25,Mumbai,C13147,RuPay,Travel,Male,24522.25,NetBanking,Swiggy,Retail,Declined,BR117
e100069,2026-01-15,Chennai,C23571,Visa,Utilities,Male,14780.85,UPI,HPCL,Fuel,Declined,BR131
e100070,2026-05-21,Hyderabad,C14716,Visa,Dining,Female,14064.66,UPI,IRCTC,Fuel,Declined,BR138
e100071,2026-04-13,Chennai,C39423,Visa,Groceries,Female,18917.42,UPI,Swiggy,E-commerce,Approved,BR134
e100072,2026-04-12,Vizag,C28908,Amex,Travel,Female,9582.12,Credit,IOCL,Food,Approved,BR134
e100073,2026-04-16,Chennai,C83625,Amex,Groceries,Female,22680.29,NetBanking,HPCL,Food,Approved,BR126
e100074,2026-01-23,Chennai,C19827,Visa,Utilities,Male,2587.28,NetBanking,Zomato,Fuel,Approved,BR146
e100075,2026-06-20,Bengaluru,C27505,Amex,Utilities,Male,3758.69,Credit,Reliance,Travel,Declined,BR147
e100076,2026-01-05,Pune,C86726,Visa,Travel,Female,22223.16,NetBanking,Reliance,Utilities,Declined,BR132
e100077,2026-04-06,Hyderabad,C59511,RuPay,Shopping,Male,23348.1,NetBanking,HPCL,Fuel,Declined,BR122
e100078,2026-01-25,Mumbai,C58794,Amex,Shopping,Male,10261.69,Credit,IRCTC,Retail,Declined,BR138
e100079,2026-01-21,Bengaluru,C21967,Amex,Shopping,Female,9635.56,NetBanking,Amazon,Fuel,Declined,BR127
e100080,2026-06-03,Pune,C20013,Amex,Shopping,Male,20431.02,UPI,Amazon,Travel,Approved,BR133
e100081,2026-06-30,Chennai,C30965,Amex,Dining,Male,13407.32,UPI,IRCTC,Travel,Declined,BR102
e100082,2026-06-13,Mumbai,C14101,Visa,Travel,Female,1239.73,Credit,Swiggy,Utilities,Approved,BR119
e100083,2026-04-08,Delhi,C45673,RuPay,Groceries,Male,20922.27,UPI,Swiggy,Retail,Declined,BR150
e100084,2026-04-21,Vizag,C17607,RuPay,Utilities,Female,394.62,Credit,HPCL,Retail,Declined,BR113
e100085,2026-01-18,Chennai,C52949,Amex,Shopping,Male,2554.68,NetBanking,Swiggy,Food,Declined,BR135
e100086,2026-05-18,Pune,C41085,Visa,Shopping,Male,7610.27,UPI,HPCL,E-commerce,Approved,BR104
e100087,2026-04-28,Bengaluru,C40337,RuPay,Utilities,Female,5516.0,Credit,DMart,Retail,Declined,BR149
e100088,2026-03-16,Bengaluru,C55507,Visa,Dining,Female,10272.33,UPI,HPCL,Food,Approved,BR117
e100089,2026-06-26,Chennai,C16074,Visa,Groceries,Female,12760.31,UPI,Reliance,Retail,Approved,BR107
e100090,2026-04-08,Kolkata,C22687,RuPay,Utilities,Male,8378.18,UPI,HPCL,Retail,Approved,BR106
e100091,2026-02-19,Kolkata,C26747,MasterCard,Dining,Female,11721.27,Credit,HPCL,Utilities,Approved,BR149
e100092,2026-06-21,Pune,C43682,Visa,Groceries,Male,2996.06,NetBanking,Swiggy,Utilities,Declined,BR118
e100093,2026-02-09,Mumbai,C79370,MasterCard,Utilities,Female,15855.68,UPI,Amazon,Travel,Approved,BR129
e100094,2026-05-05,Mumbai,C18764,RuPay,Travel,Male,3615.4,UPI,HPCL,Travel,Declined,BR139
e100095,2026-03-05,Pune,C33702,RuPay,Dining,Female,4856.65,Credit,DMart,Food,Approved,BR120
e100096,2026-02-23,Hyderabad,C77853,Visa,Dining,Male,20054.16,NetBanking,Zomato,E-commerce,Approved,BR121
e100097,2026-02-23,Mumbai,C30929,Amex,Travel,Female,15174.25,NetBanking,Zomato,E-commerce,Approved,BR139
e100098,2026-03-20,Chennai,C21919,Visa,Utilities,Female,15344.89,NetBanking,DMart,Travel,Approved,BR138
e100099,2026-05-07,Mumbai,C57586,Amex,Travel,Male,373.16,NetBanking,DMart,Retail,Approved,BR118
e100100,2026-04-20,Mumbai,C40468,Visa,Fuel,Male,15100.86,NetBanking,Reliance,Fuel,Approved,BR124
e100101,2026-06-09,Chennai,C82201,MasterCard,Fuel,Male,23549.22,UPI,Amazon,Fuel,Declined,BR104
e100102,2026-04-12,Bengaluru,C75642,Amex,Utilities,Female,19047.79,NetBanking,Swiggy,Food,Approved,BR129
e100103,2026-04-17,Bengaluru,C38220,MasterCard,Groceries,Male,10928.33,NetBanking,Reliance,Fuel,Approved,BR127
e100104,2026-06-22,Bengaluru,C59786,MasterCard,Fuel,Female,6079.6,Credit,Amazon,Retail,Declined,BR131
e100105,2026-01-18,Mumbai,C47591,Amex,Groceries,Female,6183.78,UPI,Swiggy,Retail,Declined,BR145
e100106,2026-04-21,Pune,C29297,Visa,Travel,Male,230.58,Credit,IOCL,Fuel,Approved,BR120
e100107,2026-02-27,Mumbai,C14285,Amex,Dining,Female,1195.27,NetBanking,HPCL,Retail,Approved,BR120
e100108,2026-02-22,Pune,C23671,Amex,Shopping,Male,18413.38,UPI,IRCTC,E-commerce,Approved,BR133
e100109,2026-06-26,Chennai,C27853,Visa,Shopping,Male,19466.8,UPI,Reliance,Travel,Approved,BR123
e100110,2026-04-20,Chennai,C46736,RuPay,Utilities,Female,4848.93,NetBanking,HPCL,Food,Approved,BR108
e100111,2026-03-22,Kolkata,C53159,Visa,Fuel,Male,22002.11,Credit,Amazon,Utilities,Approved,BR119
e100112,2026-03-22,Kolkata,C71674,MasterCard,Fuel,Female,4669.32,Credit,IRCTC,Utilities,Approved,BR102
e100113,2026-04-02,Chennai,C75272,RuPay,Dining,Male,11331.47,NetBanking,IRCTC,Fuel,Declined,BR117
e100114,2026-06-24,Kolkata,C74119,MasterCard,Dining,Female,456.52,UPI,DMart,Retail,Declined,BR121
e100115,2026-04-13,Chennai,C44644,Amex,Shopping,Male,22654.65,NetBanking,IRCTC,Travel,Declined,BR103
e100116,2026-02-12,Pune,C64075,MasterCard,Dining,Male,1192.27,Credit,Zomato,E-commerce,Approved,BR107
e100117,2026-02-19,Bengaluru,C87606,Amex,Groceries,Female,18209.93,NetBanking,IRCTC,Food,Declined,BR146
e100118,2026-02-24,Delhi,C73567,Amex,Dining,Male,6114.83,UPI,Reliance,Retail,Declined,BR115
e100119,2026-02-15,Pune,C96025,MasterCard,Shopping,Female,10666.89,Credit,IOCL,Travel,Declined,BR150
e100120,2026-03-28,Mumbai,C30396,RuPay,Utilities,Female,20960.33,UPI,IRCTC,Fuel,Approved,BR150
e100121,2026-03-15,Hyderabad,C69079,MasterCard,Dining,Female,4736.9,NetBanking,Zomato,Utilities,Declined,BR115
e100122,2026-01-11,Pune,C86508,MasterCard,Utilities,Male,9956.21,Credit,IRCTC,Food,Approved,BR135
e100123,2026-04-10,Vizag,C90908,Visa,Fuel,Female,3469.76,UPI,Zomato,Food,Declined,BR139
e100124,2026-02-21,Chennai,C25705,Amex,Groceries,Male,5390.7,NetBanking,Amazon,Utilities,Approved,BR130
e100125,2026-04-04,Pune,C90830,Amex,Fuel,Female,19433.19,Credit,DMart,Fuel,Approved,BR140
e100126,2026-03-01,Kolkata,C44277,Amex,Dining,Female,1546.46,NetBanking,Zomato,Fuel,Declined,BR104
e100127,2026-03-27,Mumbai,C29896,RuPay,Utilities,Male,9199.91,NetBanking,Swiggy,Food,Approved,BR119
e100128,2026-04-06,Delhi,C24594,RuPay,Shopping,Female,141.43,UPI,Swiggy,E-commerce,Approved,BR143
e100129,2026-03-20,Pune,C39897,Visa,Travel,Female,16208.62,Credit,Zomato,Food,Declined,BR136
e100130,2026-04-05,Vizag,C29267,Amex,Utilities,Male,21416.5,UPI,IOCL,Retail,Declined,BR118
e100131,2026-04-02,Pune,C84909,Amex,Groceries,Female,9878.36,Credit,DMart,E-commerce,Declined,BR121
e100132,2026-04-24,Hyderabad,C11252,RuPay,Travel,Male,6946.44,NetBanking,IOCL,E-commerce,Declined,BR129
e100133,2026-06-21,Kolkata,C47780,RuPay,Groceries,Male,15184.57,UPI,IOCL,Travel,Approved,BR137
e100134,2026-03-06,Delhi,C79751,Amex,Dining,Female,14230.42,NetBanking,Zomato,Travel,Declined,BR108
e100135,2026-01-15,Kolkata,C70838,Visa,Travel,Female,24098.23,UPI,Swiggy,Utilities,Declined,BR125
e100136,2026-06-01,Chennai,C44382,RuPay,Shopping,Male,22400.3,UPI,DMart,Travel,Approved,BR128
e100137,2026-03-13,Mumbai,C40420,Amex,Dining,Female,21234.78,NetBanking,Reliance,Fuel,Approved,BR131
e100138,2026-01-13,Vizag,C85061,Visa,Fuel,Female,20559.06,NetBanking,Reliance,Travel,Approved,BR102
e100139,2026-05-08,Delhi,C59208,RuPay,Groceries,Male,8850.09,UPI,Reliance,Fuel,Declined,BR150
e100140,2026-02-14,Mumbai,C10419,RuPay,Groceries,Male,8693.94,Credit,Reliance,Food,Approved,BR123
e100141,2026-05-09,Vizag,C34120,RuPay,Utilities,Female,23436.17,UPI,Reliance,Retail,Approved,BR101
e100142,2026-01-11,Kolkata,C25134,RuPay,Shopping,Male,8345.71,UPI,DMart,Retail,Approved,BR116
e100143,2026-02-21,Pune,C88639,Amex,Travel,Male,21769.65,UPI,HPCL,Fuel,Declined,BR121
e100144,2026-04-05,Mumbai,C20625,RuPay,Shopping,Male,18726.14,UPI,Amazon,Food,Declined,BR142
e100145,2026-04-02,Vizag,C46793,Visa,Shopping,Male,9762.63,NetBanking,Amazon,Retail,Declined,BR145
e100146,2026-02-06,Hyderabad,C19765,Visa,Shopping,Female,16908.14,Credit,Zomato,Food,Approved,BR116
e100147,2026-02-25,Kolkata,C50081,Visa,Dining,Male,12884.94,Credit,IOCL,E-commerce,Declined,BR114
e100148,2026-05-04,Delhi,C72138,Visa,Dining,Female,24150.4,Credit,IRCTC,E-commerce,Approved,BR148
e100149,2026-01-12,Pune,C25641,Visa,Fuel,Male,12304.89,UPI,IOCL,E-commerce,Approved,BR123
e100150,2026-05-11,Kolkata,C69616,MasterCard,Shopping,Male,15948.89,NetBanking,IRCTC,Utilities,Declined,BR145
e100151,2026-05-22,Kolkata,C54889,RuPay,Shopping,Male,19756.89,Credit,Swiggy,Fuel,Declined,BR117
e100152,2026-03-27,Hyderabad,C52726,Amex,Groceries,Female,21400.48,NetBanking,IRCTC,E-commerce,Declined,BR115
e100153,2026-04-24,Vizag,C39107,RuPay,Fuel,Male,689.59,NetBanking,HPCL,Retail,Declined,BR103
e100154,2026-02-07,Delhi,C59596,RuPay,Fuel,Male,20393.08,Credit,IRCTC,Fuel,Approved,BR133
e100155,2026-05-20,Kolkata,C38185,Visa,Shopping,Female,12628.24,NetBanking,Zomato,Fuel,Approved,BR145
e100156,2026-06-08,Chennai,C78433,Visa,Groceries,Male,13065.83,UPI,DMart,Utilities,Approved,BR134
e100157,2026-06-19,Mumbai,C36928,MasterCard,Shopping,Female,16460.89,NetBanking,Swiggy,Food,Approved,BR114
e100158,2026-06-29,Hyderabad,C72701,RuPay,Fuel,Male,8263.3,UPI,HPCL,Travel,Approved,BR127
e100159,2026-03-11,Bengaluru,C24208,Visa,Travel,Male,12483.49,Credit,DMart,Retail,Declined,BR119
e100160,2026-06-04,Chennai,C27927,MasterCard,Shopping,Female,10298.72,UPI,Reliance,Fuel,Approved,BR108
e100161,2026-04-15,Mumbai,C26257,Amex,Shopping,Female,23582.02,Credit,Reliance,Utilities,Approved,BR142
e100162,2026-06-06,Hyderabad,C16375,RuPay,Groceries,Male,5949.44,NetBanking,Reliance,Travel,Approved,BR144
e100163,2026-02-11,Pune,C64931,MasterCard,Dining,Female,12128.48,UPI,Reliance,Food,Declined,BR120
e100164,2026-01-18,Delhi,C15819,Amex,Utilities,Male,20336.4,NetBanking,HPCL,Utilities,Approved,BR140
e100165,2026-04-28,Bengaluru,C22634,Amex,Fuel,Female,6476.97,Credit,Zomato,Utilities,Approved,BR110
e100166,2026-04-25,Hyderabad,C12348,Amex,Shopping,Male,21434.02,Credit,Reliance,Travel,Approved,BR136
e100167,2026-06-24,Vizag,C24319,Amex,Groceries,Male,6926.66,UPI,Zomato,Travel,Approved,BR146
e100168,2026-01-02,Chennai,C89892,Visa,Travel,Female,22225.33,Credit,IOCL,E-commerce,Declined,BR114
e100169,2026-01-15,Bengaluru,C61097,Visa,Dining,Male,4592.37,NetBanking,HPCL,E-commerce,Declined,BR122
e100170,2026-02-06,Hyderabad,C92072,Visa,Utilities,Male,22547.19,UPI,Amazon,Utilities,Approved,BR121
e100171,2026-01-24,Vizag,C21647,Visa,Shopping,Male,4623.14,UPI,HPCL,Food,Approved,BR135
e100172,2026-05-20,Bengaluru,C82875,MasterCard,Shopping,Male,16636.35,Credit,IRCTC,E-commerce,Approved,BR112
e100173,2026-06-02,Bengaluru,C11811,MasterCard,Travel,Female,7866.11,Credit,IRCTC,E-commerce,Declined,BR128
e100174,2026-06-18,Vizag,C68558,Visa,Dining,Male,5933.09,Credit,DMart,Utilities,Approved,BR114
e100175,2026-05-22,Vizag,C92696,MasterCard,Shopping,Male,6262.27,Credit,Amazon,Retail,Approved,BR126
e100176,2026-04-09,Mumbai,C13086,RuPay,Utilities,Male,12585.3,Credit,Amazon,Utilities,Approved,BR102
e100177,2026-04-13,Delhi,C97085,RuPay,Shopping,Female,10763.85,Credit,Swiggy,Travel,Approved,BR132
e100178,2026-04-23,Pune,C80262,Amex,Utilities,Male,17428.36,NetBanking,IRCTC,E-commerce,Approved,BR108
e100179,2026-05-30,Mumbai,C20284,MasterCard,Dining,Male,1119.59,UPI,Swiggy,Utilities,Approved,BR116
e100180,2026-06-25,Bengaluru,C30310,MasterCard,Dining,Male,20228.28,UPI,Amazon,Retail,Approved,BR130
e100181,2026-03-05,Vizag,C98412,Visa,Utilities,Female,16845.3,NetBanking,IOCL,E-commerce,Declined,BR114
e100182,2026-04-18,Pune,C36112,Visa,Groceries,Male,7464.47,UPI,HPCL,Food,Declined,BR111
e100183,2026-01-02,Bengaluru,C43587,RuPay,Fuel,Female,14151.98,NetBanking,IRCTC,E-commerce,Declined,BR128
e100184,2026-05-07,Bengaluru,C31574,MasterCard,Groceries,Male,4268.56,UPI,Amazon,Fuel,Approved,BR101
e100185,2026-03-11,Delhi,C76299,Amex,Utilities,Male,23733.63,UPI,Reliance,Retail,Declined,BR142
e100186,2026-05-02,Hyderabad,C94088,Visa,Travel,Female,15485.77,Credit,Zomato,Retail,Declined,BR114
e100187,2026-04-19,Bengaluru,C39853,Visa,Utilities,Male,21434.52,UPI,HPCL,Utilities,Approved,BR143
e100188,2026-06-29,Hyderabad,C75965,Visa,Shopping,Female,6822.23,Credit,HPCL,E-commerce,Declined,BR107
e100189,2026-04-29,Chennai,C89428,Amex,Shopping,Male,5662.01,UPI,Amazon,Fuel,Declined,BR140
e100190,2026-06-11,Mumbai,C90241,MasterCard,Travel,Male,5405.28,UPI,HPCL,Fuel,Declined,BR132
e100191,2026-04-17,Vizag,C37919,MasterCard,Fuel,Female,12090.81,Credit,Swiggy,Food,Declined,BR105
e100192,2026-01-30,Mumbai,C41658,MasterCard,Dining,Male,13116.42,Credit,IRCTC,Utilities,Declined,BR130
e100193,2026-05-19,Pune,C34551,Amex,Travel,Male,24714.75,NetBanking,Zomato,Utilities,Declined,BR145
e100194,2026-04-05,Chennai,C56681,MasterCard,Travel,Male,9607.49,UPI,IOCL,Retail,Declined,BR110
e100195,2026-02-17,Mumbai,C84626,RuPay,Fuel,Female,17263.58,UPI,DMart,Fuel,Declined,BR105
e100196,2026-05-16,Bengaluru,C40817,MasterCard,Utilities,Female,11631.04,Credit,IRCTC,Travel,Declined,BR112
e100197,2026-02-01,Kolkata,C80964,MasterCard,Dining,Male,9924.95,UPI,Zomato,Retail,Declined,BR133
e100198,2026-05-30,Vizag,C24780,MasterCard,Groceries,Male,17187.64,Credit,IRCTC,Retail,Approved,BR116
e100199,2026-01-01,Mumbai,C37631,Amex,Groceries,Male,19275.8,Credit,DMart,Retail,Declined,BR108
e100200,2026-06-24,Mumbai,C25503,Amex,Shopping,Male,17988.26,Credit,IRCTC,Fuel,Approved,BR138
e100201,2026-02-12,Pune,C52091,Visa,Fuel,Male,13838.18,NetBanking,Zomato,Retail,Declined,BR101
e100202,2026-05-05,Kolkata,C98078,MasterCard,Shopping,Male,8323.41,Credit,HPCL,Food,Declined,BR128
e100203,2026-01-01,Bengaluru,C39901,MasterCard,Dining,Female,5903.11,Credit,Swiggy,Fuel,Approved,BR115
e100204,2026-04-18,Hyderabad,C45220,Amex,Dining,Male,4441.57,Credit,IOCL,Food,Approved,BR131
e100205,2026-04-05,Mumbai,C64612,Visa,Utilities,Male,8464.12,NetBanking,Zomato,E-commerce,Approved,BR139
e100206,2026-03-08,Hyderabad,C70082,MasterCard,Shopping,Male,8862.95,NetBanking,DMart,Travel,Declined,BR138
e100207,2026-06-13,Hyderabad,C63318,Visa,Travel,Male,24158.56,NetBanking,IOCL,E-commerce,Approved,BR128
e100208,2026-02-28,Bengaluru,C69673,MasterCard,Travel,Male,5165.16,UPI,DMart,Fuel,Approved,BR146
e100209,2026-02-08,Chennai,C95376,MasterCard,Groceries,Male,21404.54,UPI,Swiggy,Utilities,Declined,BR126
e100210,2026-01-05,Hyderabad,C65483,Visa,Groceries,Male,19653.47,Credit,IOCL,Retail,Declined,BR105
e100211,2026-03-08,Chennai,C75174,MasterCard,Travel,Male,16164.3,NetBanking,DMart,Fuel,Declined,BR130
e100212,2026-06-25,Kolkata,C16911,Visa,Utilities,Female,6604.57,Credit,IOCL,Fuel,Approved,BR112
e100213,2026-06-13,Pune,C60321,RuPay,Groceries,Male,14509.39,Credit,Zomato,Utilities,Declined,BR108
e100214,2026-05-04,Pune,C23890,RuPay,Utilities,Female,4498.75,UPI,HPCL,Fuel,Approved,BR121
e100215,2026-03-13,Delhi,C32136,MasterCard,Fuel,Female,19197.74,NetBanking,Swiggy,Fuel,Approved,BR150
e100216,2026-05-30,Hyderabad,C35390,MasterCard,Fuel,Female,17457.97,NetBanking,Amazon,Retail,Declined,BR104
e100217,2026-01-28,Kolkata,C44269,RuPay,Travel,Female,21452.98,Credit,IRCTC,Fuel,Approved,BR102
e100218,2026-04-12,Hyderabad,C37736,Amex,Utilities,Male,22213.19,Credit,Amazon,Retail,Declined,BR108
e100219,2026-06-18,Bengaluru,C21112,Amex,Groceries,Female,4994.89,UPI,HPCL,Utilities,Approved,BR135
e100220,2026-02-17,Delhi,C90040,MasterCard,Fuel,Female,8045.1,UPI,Swiggy,Travel,Declined,BR119
e100221,2026-01-04,Delhi,C21024,Visa,Fuel,Female,20476.16,UPI,IRCTC,Fuel,Declined,BR110
e100222,2026-06-26,Hyderabad,C85818,MasterCard,Dining,Male,3970.3,NetBanking,Amazon,E-commerce,Approved,BR144
e100223,2026-04-23,Mumbai,C76567,Visa,Groceries,Male,19227.13,NetBanking,IRCTC,Food,Approved,BR144
e100224,2026-02-21,Chennai,C74027,Visa,Groceries,Male,4263.74,Credit,Zomato,Utilities,Approved,BR107
e100225,2026-06-11,Hyderabad,C48950,Visa,Fuel,Male,13344.74,NetBanking,DMart,Travel,Declined,BR108
e100226,2026-05-11,Chennai,C36520,Visa,Utilities,Female,20866.51,Credit,IOCL,Travel,Approved,BR129
e100227,2026-04-25,Vizag,C28977,RuPay,Shopping,Female,12282.86,Credit,Swiggy,E-commerce,Approved,BR129
e100228,2026-05-06,Hyderabad,C31980,MasterCard,Shopping,Female,16631.4,UPI,Reliance,Fuel,Declined,BR117
e100229,2026-03-27,Pune,C90270,Visa,Groceries,Female,17670.17,UPI,HPCL,E-commerce,Declined,BR138
e100230,2026-05-10,Pune,C78164,Visa,Shopping,Female,21320.67,NetBanking,DMart,Food,Approved,BR136
e100231,2026-05-11,Kolkata,C44971,RuPay,Travel,Male,12753.64,Credit,Swiggy,Utilities,Approved,BR133
e100232,2026-06-27,Bengaluru,C35745,MasterCard,Groceries,Male,15525.05,NetBanking,DMart,Utilities,Declined,BR116
e100233,2026-01-19,Hyderabad,C68791,MasterCard,Fuel,Female,24520.04,NetBanking,Zomato,Travel,Approved,BR130
e100234,2026-06-12,Mumbai,C86291,Visa,Dining,Male,6850.96,UPI,Swiggy,Retail,Approved,BR110
e100235,2026-02-19,Vizag,C49601,MasterCard,Travel,Female,12711.16,NetBanking,Reliance,Retail,Declined,BR124
e100236,2026-06-23,Hyderabad,C97098,Amex,Groceries,Female,5024.73,Credit,Reliance,Food,Approved,BR110
e100237,2026-02-03,Chennai,C14514,MasterCard,Shopping,Male,16603.53,NetBanking,HPCL,Food,Declined,BR120
e100238,2026-02-11,Pune,C46995,RuPay,Shopping,Male,20645.71,NetBanking,Reliance,Retail,Approved,BR115
e100239,2026-02-24,Pune,C24004,RuPay,Travel,Female,3223.95,UPI,Zomato,Utilities,Declined,BR146
e100240,2026-03-08,Hyderabad,C90772,Amex,Fuel,Female,12562.33,Credit,HPCL,Utilities,Declined,BR147
e100241,2026-04-06,Kolkata,C46918,MasterCard,Travel,Female,14025.32,Credit,HPCL,Utilities,Approved,BR136
e100242,2026-04-03,Bengaluru,C11466,RuPay,Groceries,Female,19622.61,NetBanking,IOCL,Fuel,Declined,BR123
e100243,2026-04-02,Kolkata,C82967,Amex,Fuel,Male,19037.05,Credit,HPCL,Travel,Declined,BR129
e100244,2026-01-24,Mumbai,C93536,MasterCard,Dining,Male,12914.4,NetBanking,Amazon,Travel,Approved,BR112
e100245,2026-03-11,Pune,C16198,Amex,Utilities,Female,5796.45,UPI,IRCTC,Retail,Declined,BR140
e100246,2026-02-17,Hyderabad,C37390,Amex,Dining,Female,2901.13,NetBanking,Reliance,E-commerce,Approved,BR101
e100247,2026-04-20,Pune,C72815,Amex,Groceries,Female,23085.7,UPI,HPCL,Food,Approved,BR114
e100248,2026-05-23,Bengaluru,C96442,MasterCard,Travel,Male,10365.12,Credit,HPCL,E-commerce,Declined,BR103
e100249,2026-03-31,Vizag,C19437,MasterCard,Utilities,Male,20149.31,NetBanking,Swiggy,Travel,Approved,BR134
e100250,2026-05-20,Chennai,C69134,RuPay,Utilities,Female,12923.83,Credit,HPCL,Travel,Approved,BR109
e100251,2026-05-07,Kolkata,C82583,Visa,Fuel,Male,7458.43,NetBanking,Reliance,E-commerce,Approved,BR121
e100252,2026-02-16,Pune,C92280,Visa,Dining,Female,10246.84,Credit,Zomato,E-commerce,Declined,BR115
e100253,2026-04-08,Mumbai,C43099,MasterCard,Travel,Female,6545.43,NetBanking,Swiggy,E-commerce,Declined,BR133
e100254,2026-01-02,Pune,C33665,Amex,Groceries,Male,2123.45,UPI,IOCL,Fuel,Approved,BR111
e100255,2026-01-18,Chennai,C47042,MasterCard,Utilities,Male,556.23,Credit,DMart,Utilities,Declined,BR104
e100256,2026-02-25,Hyderabad,C27696,MasterCard,Groceries,Female,12782.79,NetBanking,Reliance,Retail,Approved,BR109
e100257,2026-02-28,Hyderabad,C15414,MasterCard,Utilities,Male,15260.32,Credit,Reliance,Food,Declined,BR114
e100258,2026-03-14,Chennai,C18595,RuPay,Dining,Female,20786.25,UPI,DMart,Food,Declined,BR134
e100259,2026-05-03,Chennai,C90993,RuPay,Groceries,Male,14001.99,UPI,Reliance,Food,Declined,BR121
e100260,2026-01-15,Hyderabad,C75939,Amex,Utilities,Male,11192.89,Credit,Amazon,Food,Declined,BR134
e100261,2026-02-15,Pune,C59162,MasterCard,Dining,Male,17729.26,NetBanking,Amazon,Retail,Approved,BR105
e100262,2026-01-05,Kolkata,C34563,Visa,Groceries,Male,23552.46,NetBanking,IOCL,Food,Approved,BR149
e100263,2026-02-12,Hyderabad,C64404,MasterCard,Utilities,Female,19067.61,NetBanking,Amazon,E-commerce,Approved,BR127
e100264,2026-04-13,Mumbai,C55897,MasterCard,Dining,Female,19573.08,UPI,Reliance,Food,Declined,BR101
e100265,2026-06-02,Mumbai,C84692,Visa,Utilities,Female,1743.49,Credit,Reliance,Fuel,Declined,BR110
e100266,2026-03-28,Mumbai,C40115,RuPay,Dining,Male,16983.59,Credit,Amazon,Travel,Approved,BR113
e100267,2026-05-18,Delhi,C44033,Visa,Dining,Female,7698.05,UPI,DMart,E-commerce,Declined,BR150
e100268,2026-06-25,Mumbai,C97523,RuPay,Shopping,Female,2593.2,NetBanking,Amazon,Food,Declined,BR107
e100269,2026-01-12,Hyderabad,C21673,RuPay,Utilities,Female,13950.4,Credit,IOCL,Food,Approved,BR149
e100270,2026-06-03,Pune,C59237,MasterCard,Travel,Male,16404.33,NetBanking,Zomato,Food,Declined,BR122
e100271,2026-04-16,Mumbai,C73018,MasterCard,Travel,Male,24017.44,Credit,Zomato,Utilities,Approved,BR137
e100272,2026-06-14,Mumbai,C68574,Amex,Dining,Female,15989.62,Credit,HPCL,Fuel,Approved,BR117
e100273,2026-06-23,Delhi,C41987,RuPay,Shopping,Male,13089.54,Credit,Swiggy,Utilities,Approved,BR115
e100274,2026-01-01,Mumbai,C67989,Visa,Groceries,Female,19722.35,NetBanking,Swiggy,Utilities,Declined,BR104
e100275,2026-03-17,Mumbai,C19577,MasterCard,Dining,Female,24736.1,Credit,Reliance,Utilities,Approved,BR138
e100276,2026-05-12,Bengaluru,C92097,Visa,Shopping,Female,6008.57,NetBanking,IRCTC,Retail,Approved,BR149
e100277,2026-06-30,Mumbai,C28469,Visa,Groceries,Male,14439.92,Credit,Amazon,Utilities,Declined,BR107
e100278,2026-04-03,Chennai,C73146,Amex,Groceries,Female,24223.64,NetBanking,DMart,Utilities,Declined,BR140
e100279,2026-05-15,Kolkata,C82762,RuPay,Shopping,Female,3980.01,Credit,HPCL,Utilities,Approved,BR117
e100280,2026-04-18,Hyderabad,C77086,MasterCard,Fuel,Male,15757.58,NetBanking,DMart,Retail,Approved,BR137
e100281,2026-06-26,Mumbai,C25894,Visa,Dining,Female,10263.36,NetBanking,Zomato,Food,Approved,BR127
e100282,2026-04-24,Bengaluru,C80613,MasterCard,Groceries,Male,12438.06,NetBanking,Reliance,Utilities,Declined,BR135
e100283,2026-06-30,Vizag,C45885,Visa,Groceries,Female,5817.97,Credit,HPCL,Food,Approved,BR143
e100284,2026-04-07,Vizag,C52735,Amex,Fuel,Female,14356.0,Credit,Swiggy,Utilities,Declined,BR148
e100285,2026-05-20,Delhi,C58097,MasterCard,Fuel,Male,4025.77,UPI,Swiggy,Retail,Declined,BR115
e100286,2026-03-10,Hyderabad,C17774,Amex,Groceries,Male,15972.21,NetBanking,HPCL,Travel,Approved,BR123
e100287,2026-06-02,Hyderabad,C90096,Amex,Fuel,Female,22280.6,NetBanking,Amazon,Utilities,Declined,BR132
e100288,2026-06-16,Pune,C64797,RuPay,Fuel,Male,9736.0,NetBanking,Zomato,Utilities,Declined,BR139
e100289,2026-03-05,Bengaluru,C90134,Amex,Shopping,Female,11548.2,Credit,DMart,Travel,Declined,BR105
e100290,2026-01-10,Chennai,C97355,MasterCard,Dining,Male,12639.78,Credit,IOCL,Retail,Declined,BR112
e100291,2026-06-29,Mumbai,C31083,RuPay,Dining,Female,13611.88,NetBanking,IRCTC,Utilities,Approved,BR140
e100292,2026-04-23,Mumbai,C14232,Visa,Fuel,Male,5688.27,UPI,IOCL,Fuel,Approved,BR111
e100293,2026-01-14,Mumbai,C64240,Visa,Travel,Female,6930.16,Credit,IOCL,E-commerce,Approved,BR116
e100294,2026-04-22,Vizag,C61859,Visa,Travel,Male,14079.7,Credit,IRCTC,Retail,Approved,BR123
e100295,2026-06-20,Hyderabad,C45749,MasterCard,Travel,Female,6964.48,UPI,DMart,Retail,Approved,BR135
e100296,2026-04-18,Mumbai,C76625,Visa,Groceries,Female,24049.78,UPI,Amazon,Fuel,Approved,BR123
e100297,2026-03-19,Pune,C44271,RuPay,Dining,Female,19240.96,NetBanking,Swiggy,Food,Approved,BR111
e100298,2026-05-21,Hyderabad,C96820,MasterCard,Travel,Female,6599.93,Credit,IOCL,Fuel,Approved,BR137
e100299,2026-06-04,Vizag,C67528,RuPay,Travel,Female,9525.35,UPI,HPCL,Fuel,Declined,BR113
e100300,2026-02-05,Hyderabad,C45080,Visa,Shopping,Male,24902.06,NetBanking,Zomato,Fuel,Declined,BR105
e100301,2026-06-15,Delhi,C42960,RuPay,Fuel,Female,10856.56,UPI,Zomato,E-commerce,Declined,BR150
e100302,2026-01-29,Vizag,C22291,MasterCard,Groceries,Male,4916.91,Credit,Amazon,Food,Approved,BR109
e100303,2026-04-04,Chennai,C73881,Amex,Utilities,Female,19514.69,Credit,Reliance,Food,Declined,BR124
e100304,2026-03-13,Hyderabad,C26897,Amex,Dining,Male,5745.67,UPI,Amazon,Utilities,Approved,BR127
e100305,2026-04-08,Chennai,C23860,Visa,Shopping,Male,23825.6,UPI,Amazon,Utilities,Declined,BR129
e100306,2026-05-07,Kolkata,C52833,MasterCard,Shopping,Female,16084.06,UPI,Swiggy,Travel,Declined,BR103
e100307,2026-03-11,Kolkata,C72175,Visa,Dining,Male,13303.87,Credit,IOCL,Travel,Declined,BR130
e100308,2026-02-08,Delhi,C96567,MasterCard,Groceries,Male,18912.85,Credit,Zomato,Travel,Approved,BR111
e100309,2026-06-26,Hyderabad,C31450,MasterCard,Fuel,Female,23511.91,NetBanking,Zomato,E-commerce,Declined,BR105
e100310,2026-06-26,Bengaluru,C64091,RuPay,Groceries,Female,1378.78,Credit,HPCL,Travel,Approved,BR137
e100311,2026-03-02,Kolkata,C55236,Amex,Travel,Male,4151.18,UPI,Amazon,E-commerce,Declined,BR132
e100312,2026-05-29,Mumbai,C59395,MasterCard,Travel,Female,11676.47,UPI,Amazon,Fuel,Approved,BR101
e100313,2026-04-15,Mumbai,C86822,MasterCard,Utilities,Male,6114.86,Credit,IOCL,Food,Declined,BR117
e100314,2026-04-14,Chennai,C20332,MasterCard,Shopping,Female,20499.03,UPI,Amazon,Food,Declined,BR139
e100315,2026-06-19,Hyderabad,C27654,Amex,Travel,Male,12067.21,UPI,DMart,Retail,Approved,BR122
e100316,2026-03-18,Mumbai,C17993,Visa,Groceries,Male,18341.54,UPI,IOCL,Utilities,Declined,BR117
e100317,2026-06-27,Chennai,C40728,Visa,Groceries,Female,11602.88,NetBanking,Swiggy,Retail,Approved,BR102
e100318,2026-06-10,Chennai,C45689,Visa,Travel,Male,5809.17,NetBanking,HPCL,Fuel,Approved,BR117
e100319,2026-06-18,Delhi,C57482,RuPay,Dining,Female,20407.4,UPI,IRCTC,Fuel,Approved,BR108
e100320,2026-04-14,Vizag,C47108,Amex,Utilities,Female,4154.14,UPI,Zomato,Utilities,Declined,BR102
e100321,2026-01-22,Delhi,C59877,Visa,Groceries,Female,21717.61,UPI,Zomato,Fuel,Approved,BR144
e100322,2026-05-10,Kolkata,C81711,MasterCard,Fuel,Female,15680.27,Credit,IRCTC,Travel,Approved,BR138
e100323,2026-06-22,Kolkata,C50381,MasterCard,Travel,Male,8393.47,NetBanking,Swiggy,Retail,Approved,BR120
e100324,2026-05-29,Vizag,C44093,Visa,Shopping,Female,11068.61,Credit,Amazon,Food,Approved,BR118
e100325,2026-06-21,Delhi,C39482,RuPay,Travel,Male,12339.45,NetBanking,Reliance,Fuel,Declined,BR109
e100326,2026-05-17,Vizag,C68212,MasterCard,Shopping,Male,13756.3,NetBanking,Swiggy,Travel,Approved,BR117
e100327,2026-04-24,Kolkata,C59715,MasterCard,Dining,Female,3712.87,NetBanking,IOCL,Travel,Approved,BR127
e100328,2026-06-12,Mumbai,C29261,MasterCard,Groceries,Female,15497.45,Credit,IOCL,Fuel,Approved,BR143
e100329,2026-02-25,Chennai,C30735,RuPay,Fuel,Male,23942.73,NetBanking,IRCTC,Retail,Declined,BR146
e100330,2026-03-29,Chennai,C93404,Amex,Travel,Female,20197.47,NetBanking,Swiggy,E-commerce,Declined,BR110
e100331,2026-04-20,Delhi,C73905,RuPay,Shopping,Female,10635.03,NetBanking,Zomato,Fuel,Approved,BR109
e100332,2026-01-16,Hyderabad,C67103,RuPay,Shopping,Female,20281.78,Credit,DMart,E-commerce,Approved,BR150
e100333,2026-05-16,Delhi,C46520,MasterCard,Groceries,Male,10773.28,UPI,Amazon,Fuel,Approved,BR113
e100334,2026-04-05,Mumbai,C42954,Visa,Groceries,Male,18111.59,UPI,HPCL,Retail,Declined,BR126
e100335,2026-01-12,Vizag,C39529,MasterCard,Fuel,Male,10938.3,Credit,Zomato,Utilities,Declined,BR140
e100336,2026-02-07,Mumbai,C79248,Amex,Fuel,Female,16737.71,Credit,IRCTC,Retail,Declined,BR123
e100337,2026-05-26,Chennai,C31320,RuPay,Utilities,Female,11268.26,Credit,IOCL,Travel,Approved,BR139
e100338,2026-01-29,Pune,C15598,RuPay,Groceries,Female,6796.55,Credit,Zomato,Travel,Approved,BR119
e100339,2026-04-13,Chennai,C31890,Visa,Shopping,Male,11410.1,Credit,Swiggy,E-commerce,Approved,BR133
e100340,2026-03-23,Vizag,C31299,RuPay,Travel,Male,14594.88,UPI,Swiggy,Retail,Approved,BR105
e100341,2026-05-13,Chennai,C61591,RuPay,Utilities,Female,4388.14,Credit,DMart,Fuel,Approved,BR148
e100342,2026-05-30,Chennai,C10040,Visa,Travel,Male,15932.38,UPI,DMart,Retail,Approved,BR131
e100343,2026-03-28,Hyderabad,C63272,RuPay,Utilities,Male,17402.82,NetBanking,DMart,Travel,Declined,BR107
e100344,2026-01-31,Chennai,C87735,RuPay,Utilities,Male,22899.85,UPI,IOCL,Fuel,Approved,BR109
e100345,2026-05-29,Kolkata,C32040,Amex,Travel,Male,8345.72,NetBanking,Reliance,Fuel,Approved,BR114
e100346,2026-04-15,Pune,C51025,Visa,Utilities,Male,24619.23,UPI,Reliance,Food,Approved,BR142
e100347,2026-05-10,Delhi,C63170,Amex,Fuel,Female,21609.4,Credit,HPCL,Retail,Declined,BR102
e100348,2026-03-21,Delhi,C17318,Visa,Groceries,Male,10913.54,Credit,IOCL,E-commerce,Declined,BR125
e100349,2026-03-29,Pune,C80230,RuPay,Fuel,Female,14368.06,NetBanking,Swiggy,Retail,Approved,BR104
e100350,2026-01-20,Bengaluru,C39485,RuPay,Fuel,Male,8168.16,NetBanking,HPCL,E-commerce,Approved,BR118
e100351,2026-02-13,Mumbai,C93266,Amex,Groceries,Female,9082.44,UPI,IOCL,E-commerce,Approved,BR101
e100352,2026-04-12,Pune,C13855,Amex,Groceries,Male,21972.82,Credit,IRCTC,Fuel,Approved,BR145
e100353,2026-03-17,Delhi,C72654,MasterCard,Shopping,Male,5038.84,UPI,IRCTC,Food,Declined,BR125
e100354,2026-03-02,Kolkata,C21429,Visa,Utilities,Male,4150.42,Credit,Zomato,Food,Declined,BR149
e100355,2026-05-13,Mumbai,C62369,RuPay,Groceries,Female,23327.58,NetBanking,IOCL,Travel,Approved,BR148
e100356,2026-04-11,Bengaluru,C26523,RuPay,Travel,Male,105.66,UPI,DMart,Food,Declined,BR139
e100357,2026-06-15,Pune,C74333,RuPay,Groceries,Female,2852.84,UPI,Zomato,Utilities,Declined,BR127
e100358,2026-01-17,Chennai,C30335,MasterCard,Utilities,Male,301.25,Credit,IRCTC,Food,Declined,BR136
e100359,2026-02-18,Mumbai,C34760,Visa,Groceries,Male,18752.08,Credit,Swiggy,Food,Approved,BR123
e100360,2026-05-02,Bengaluru,C81321,Visa,Fuel,Male,1511.18,NetBanking,HPCL,E-commerce,Declined,BR142
e100361,2026-05-31,Bengaluru,C70177,Visa,Dining,Female,18765.36,NetBanking,IRCTC,Utilities,Declined,BR145
e100362,2026-05-24,Vizag,C12834,MasterCard,Utilities,Female,11653.41,NetBanking,HPCL,Utilities,Declined,BR104
e100363,2026-05-01,Pune,C16487,RuPay,Dining,Female,8119.78,Credit,Zomato,Retail,Declined,BR103
e100364,2026-03-16,Pune,C10393,MasterCard,Dining,Male,17774.83,Credit,Reliance,Travel,Approved,BR110
e100365,2026-05-24,Delhi,C51974,Amex,Fuel,Male,23910.5,UPI,IRCTC,Food,Approved,BR147
e100366,2026-06-15,Mumbai,C85281,RuPay,Travel,Male,24133.72,NetBanking,Swiggy,Fuel,Approved,BR125
e100367,2026-02-22,Kolkata,C68616,Visa,Shopping,Male,2602.46,Credit,HPCL,Retail,Approved,BR103
e100368,2026-05-27,Delhi,C25554,RuPay,Dining,Male,11261.46,Credit,Reliance,Fuel,Approved,BR126
e100369,2026-06-24,Delhi,C35872,Visa,Dining,Female,24142.84,Credit,DMart,Food,Declined,BR127
e100370,2026-05-19,Bengaluru,C72269,Visa,Groceries,Male,6497.95,UPI,DMart,Fuel,Approved,BR113
e100371,2026-04-20,Kolkata,C72945,Amex,Dining,Male,24484.87,Credit,Reliance,Utilities,Declined,BR149
e100372,2026-04-13,Chennai,C91758,MasterCard,Utilities,Male,6072.11,UPI,DMart,Utilities,Approved,BR132
e100373,2026-04-11,Hyderabad,C38726,RuPay,Shopping,Male,21828.9,UPI,IRCTC,Fuel,Approved,BR142
e100374,2026-05-14,Hyderabad,C73543,MasterCard,Groceries,Male,23418.89,NetBanking,Amazon,Utilities,Declined,BR116
e100375,2026-01-21,Delhi,C79627,RuPay,Utilities,Female,10628.3,UPI,DMart,Retail,Declined,BR126
e100376,2026-06-30,Hyderabad,C54129,Amex,Shopping,Female,9492.11,NetBanking,Swiggy,Food,Declined,BR107
e100377,2026-02-10,Mumbai,C97269,Visa,Dining,Female,6508.5,NetBanking,IOCL,Retail,Declined,BR125
e100378,2026-01-04,Vizag,C85747,RuPay,Groceries,Female,22363.19,Credit,DMart,Travel,Approved,BR138
e100379,2026-04-27,Pune,C26016,MasterCard,Travel,Male,1169.87,UPI,DMart,E-commerce,Declined,BR131
e100380,2026-02-11,Delhi,C20500,Amex,Groceries,Female,3758.26,NetBanking,Amazon,Travel,Approved,BR130
e100381,2026-06-24,Chennai,C49626,MasterCard,Shopping,Male,1380.45,UPI,Amazon,Food,Declined,BR120
e100382,2026-06-11,Vizag,C23154,Amex,Utilities,Female,2838.22,UPI,HPCL,E-commerce,Declined,BR133
e100383,2026-03-01,Bengaluru,C37701,MasterCard,Travel,Female,12495.45,UPI,Zomato,Fuel,Approved,BR118
e100384,2026-04-30,Delhi,C75646,RuPay,Travel,Female,15760.91,NetBanking,HPCL,Utilities,Approved,BR139
e100385,2026-03-26,Mumbai,C21792,RuPay,Fuel,Male,24232.26,UPI,HPCL,Fuel,Declined,BR110
e100386,2026-03-10,Pune,C78859,Amex,Dining,Male,15679.22,UPI,DMart,E-commerce,Declined,BR110
e100387,2026-01-17,Bengaluru,C22014,RuPay,Fuel,Female,1420.43,Credit,Zomato,Utilities,Approved,BR135
e100388,2026-06-11,Vizag,C83006,Amex,Utilities,Female,13030.4,UPI,Zomato,Retail,Declined,BR126
e100389,2026-03-24,Pune,C73973,Visa,Utilities,Female,23422.24,Credit,IRCTC,Fuel,Approved,BR119
e100390,2026-01-03,Mumbai,C64713,Amex,Dining,Male,11207.85,Credit,IOCL,Fuel,Approved,BR132
e100391,2026-06-07,Delhi,C13347,MasterCard,Dining,Male,7552.52,NetBanking,DMart,Food,Approved,BR137
e100392,2026-04-25,Mumbai,C98639,Visa,Shopping,Male,17113.24,Credit,Amazon,Fuel,Declined,BR104
e100393,2026-05-05,Bengaluru,C44554,RuPay,Groceries,Female,24816.83,Credit,IOCL,E-commerce,Declined,BR142
e100394,2026-01-21,Bengaluru,C28728,MasterCard,Dining,Male,6384.91,NetBanking,IRCTC,Travel,Declined,BR122
e100395,2026-02-08,Vizag,C16759,Amex,Groceries,Female,22017.07,NetBanking,IRCTC,Utilities,Approved,BR128
e100396,2026-04-13,Pune,C40946,MasterCard,Groceries,Male,16864.72,Credit,IOCL,Travel,Approved,BR109
e100397,2026-03-19,Kolkata,C34146,Visa,Groceries,Male,9725.52,Credit,DMart,Food,Declined,BR139
e100398,2026-05-14,Pune,C51756,Amex,Groceries,Male,20348.03,NetBanking,IRCTC,Utilities,Approved,BR102
e100399,2026-03-15,Chennai,C63730,RuPay,Travel,Male,6930.8,Credit,Amazon,Travel,Declined,BR145
e100400,2026-02-24,Pune,C74241,MasterCard,Utilities,Female,14266.39,Credit,HPCL,E-commerce,Declined,BR115
e100401,2026-06-09,Pune,C18350,RuPay,Groceries,Female,1280.5,NetBanking,Reliance,Utilities,Approved,BR127
e100402,2026-05-16,Hyderabad,C69561,Amex,Groceries,Female,13918.47,NetBanking,IOCL,Utilities,Declined,BR130
e100403,2026-05-03,Pune,C71423,Amex,Fuel,Male,13030.52,UPI,HPCL,Fuel,Approved,BR138
e100404,2026-06-23,Kolkata,C53486,Visa,Travel,Male,22627.38,UPI,IRCTC,Travel,Approved,BR146
e100405,2026-05-29,Mumbai,C90520,Amex,Fuel,Male,22906.47,UPI,HPCL,Food,Declined,BR137
e100406,2026-06-13,Kolkata,C77666,RuPay,Travel,Female,20281.28,NetBanking,Reliance,Food,Declined,BR128
e100407,2026-02-04,Chennai,C20790,RuPay,Travel,Female,19891.63,NetBanking,IRCTC,Fuel,Declined,BR120
e100408,2026-03-20,Vizag,C54245,Visa,Dining,Male,8949.78,UPI,DMart,Retail,Approved,BR112
e100409,2026-02-03,Bengaluru,C50777,RuPay,Utilities,Male,15152.31,UPI,HPCL,E-commerce,Declined,BR127
e100410,2026-01-02,Delhi,C26326,Amex,Dining,Female,2764.27,Credit,HPCL,E-commerce,Approved,BR128
e100411,2026-01-05,Kolkata,C90891,Amex,Utilities,Male,10744.55,UPI,Zomato,E-commerce,Declined,BR112
e100412,2026-03-20,Bengaluru,C11157,Visa,Utilities,Female,12416.79,Credit,Reliance,E-commerce,Declined,BR149
e100413,2026-04-21,Pune,C47957,Amex,Shopping,Female,17035.59,NetBanking,IOCL,Travel,Approved,BR118
e100414,2026-06-15,Pune,C90615,Amex,Dining,Female,15414.74,UPI,Amazon,Utilities,Declined,BR127
e100415,2026-04-09,Chennai,C30713,RuPay,Travel,Female,1018.83,NetBanking,Zomato,Fuel,Approved,BR144
e100416,2026-03-24,Chennai,C51955,Amex,Shopping,Male,10144.21,NetBanking,Reliance,Travel,Declined,BR143
e100417,2026-05-13,Chennai,C95441,Visa,Travel,Male,1178.49,NetBanking,IOCL,Food,Approved,BR116
e100418,2026-03-19,Bengaluru,C73775,RuPay,Utilities,Male,11635.13,UPI,Reliance,Travel,Approved,BR120
e100419,2026-06-07,Kolkata,C33906,Amex,Shopping,Female,21865.46,NetBanking,DMart,Travel,Approved,BR105
e100420,2026-03-16,Vizag,C49682,RuPay,Dining,Male,12136.37,UPI,Reliance,Food,Declined,BR119
e100421,2026-01-19,Mumbai,C24148,Visa,Fuel,Male,21240.76,Credit,Amazon,E-commerce,Declined,BR128
e100422,2026-01-30,Kolkata,C38691,Visa,Groceries,Male,2991.75,UPI,IOCL,Food,Declined,BR116
e100423,2026-05-01,Bengaluru,C19555,MasterCard,Groceries,Male,22794.67,UPI,Reliance,Fuel,Declined,BR120
e100424,2026-01-03,Mumbai,C85000,Amex,Utilities,Female,24238.62,Credit,Reliance,Food,Declined,BR141
e100425,2026-02-06,Hyderabad,C58617,MasterCard,Travel,Female,3914.74,NetBanking,IOCL,Travel,Approved,BR126
e100426,2026-03-28,Mumbai,C95398,Amex,Groceries,Male,10572.81,Credit,Zomato,Fuel,Approved,BR117
e100427,2026-04-09,Kolkata,C64311,Visa,Utilities,Male,13410.67,NetBanking,Zomato,Utilities,Approved,BR130
e100428,2026-02-11,Delhi,C14937,Amex,Groceries,Male,19454.58,Credit,Swiggy,Retail,Declined,BR116
e100429,2026-01-28,Delhi,C89472,Amex,Travel,Female,5275.72,UPI,HPCL,Travel,Approved,BR119
e100430,2026-03-26,Mumbai,C69920,RuPay,Shopping,Female,22001.87,Credit,Zomato,Retail,Declined,BR131
e100431,2026-04-21,Hyderabad,C77057,RuPay,Dining,Male,12204.37,Credit,DMart,Food,Declined,BR119
e100432,2026-02-23,Mumbai,C66773,Amex,Fuel,Male,9266.36,UPI,Swiggy,Food,Approved,BR102
e100433,2026-05-21,Delhi,C21739,MasterCard,Shopping,Female,24793.75,NetBanking,Zomato,Travel,Approved,BR148
e100434,2026-01-06,Hyderabad,C19454,MasterCard,Dining,Male,21973.82,UPI,IOCL,E-commerce,Approved,BR108
e100435,2026-03-28,Delhi,C58171,RuPay,Fuel,Female,873.29,Credit,DMart,Food,Declined,BR147
e100436,2026-06-06,Mumbai,C78635,MasterCard,Groceries,Male,17610.32,UPI,DMart,Travel,Declined,BR132
e100437,2026-04-01,Delhi,C73268,Visa,Dining,Female,13448.11,NetBanking,HPCL,E-commerce,Approved,BR112
e100438,2026-05-29,Vizag,C79049,Visa,Fuel,Male,14508.55,NetBanking,Amazon,Utilities,Declined,BR110
e100439,2026-02-21,Mumbai,C75351,Visa,Dining,Male,20695.09,UPI,HPCL,Retail,Approved,BR138
e100440,2026-06-14,Bengaluru,C69819,RuPay,Dining,Female,15541.98,Credit,IRCTC,Food,Declined,BR130
e100441,2026-04-21,Bengaluru,C24461,Amex,Shopping,Female,2981.76,NetBanking,HPCL,Food,Declined,BR117
e100442,2026-05-02,Bengaluru,C56823,Amex,Fuel,Female,3085.09,Credit,Amazon,E-commerce,Declined,BR118
e100443,2026-05-17,Mumbai,C73631,RuPay,Shopping,Female,8240.7,UPI,IOCL,E-commerce,Approved,BR109
e100444,2026-02-10,Chennai,C74843,MasterCard,Travel,Female,11856.6,UPI,Zomato,E-commerce,Declined,BR120
e100445,2026-01-23,Mumbai,C60249,MasterCard,Dining,Male,2033.81,UPI,IOCL,Fuel,Approved,BR103
e100446,2026-01-26,Bengaluru,C74331,Amex,Groceries,Female,24536.54,UPI,IOCL,Retail,Declined,BR138
e100447,2026-05-26,Mumbai,C43613,Amex,Utilities,Female,6326.77,NetBanking,IRCTC,Retail,Approved,BR130
e100448,2026-04-17,Vizag,C15285,MasterCard,Dining,Male,17515.01,UPI,IOCL,E-commerce,Approved,BR104
e100449,2026-02-27,Pune,C33901,MasterCard,Utilities,Male,2130.4,Credit,HPCL,Utilities,Approved,BR145
e100450,2026-06-01,Vizag,C10091,Visa,Fuel,Male,19182.98,Credit,Swiggy,Fuel,Approved,BR121
e100451,2026-03-02,Vizag,C35718,Amex,Fuel,Male,2073.98,Credit,DMart,Fuel,Declined,BR135
e100452,2026-02-06,Chennai,C63531,Visa,Utilities,Male,17575.4,UPI,Zomato,E-commerce,Declined,BR104
e100453,2026-04-26,Kolkata,C62933,Amex,Travel,Female,2859.05,UPI,Zomato,Fuel,Approved,BR111
e100454,2026-04-28,Mumbai,C27581,MasterCard,Dining,Female,10582.87,NetBanking,IRCTC,Retail,Declined,BR112
e100455,2026-05-18,Kolkata,C32529,Visa,Utilities,Female,9682.32,NetBanking,DMart,E-commerce,Declined,BR110
e100456,2026-03-29,Hyderabad,C94888,MasterCard,Travel,Female,4294.33,UPI,IOCL,Food,Declined,BR107
e100457,2026-03-15,Pune,C65013,RuPay,Utilities,Female,18805.47,Credit,IRCTC,Travel,Declined,BR150
e100458,2026-02-21,Delhi,C82224,MasterCard,Dining,Female,4254.98,Credit,IOCL,Fuel,Declined,BR106
e100459,2026-01-24,Vizag,C46884,RuPay,Fuel,Male,24699.7,UPI,HPCL,Utilities,Approved,BR113
e100460,2026-05-07,Vizag,C29384,Amex,Dining,Male,9862.22,UPI,IOCL,Retail,Approved,BR115
e100461,2026-01-16,Pune,C92429,Amex,Fuel,Female,15216.43,NetBanking,Amazon,Utilities,Approved,BR149
e100462,2026-05-07,Pune,C29219,MasterCard,Utilities,Male,17843.11,NetBanking,IRCTC,E-commerce,Approved,BR111
e100463,2026-01-07,Chennai,C60199,RuPay,Groceries,Male,12148.07,NetBanking,Zomato,Utilities,Approved,BR136
e100464,2026-03-31,Chennai,C33558,MasterCard,Shopping,Male,24198.68,Credit,Swiggy,E-commerce,Approved,BR135
e100465,2026-02-04,Pune,C29322,Visa,Dining,Female,20566.86,NetBanking,Swiggy,Food,Declined,BR121
e100466,2026-05-18,Bengaluru,C76058,Amex,Utilities,Female,3293.33,UPI,IOCL,Retail,Declined,BR143
e100467,2026-05-29,Vizag,C40905,Visa,Travel,Male,13835.32,UPI,Amazon,Fuel,Declined,BR138
e100468,2026-03-31,Kolkata,C80712,Amex,Travel,Male,13630.38,Credit,Reliance,Utilities,Declined,BR103
e100469,2026-04-24,Chennai,C38744,MasterCard,Groceries,Female,24949.01,UPI,IRCTC,Fuel,Approved,BR119
e100470,2026-04-11,Chennai,C18695,MasterCard,Groceries,Female,23518.78,Credit,HPCL,E-commerce,Approved,BR125
e100471,2026-04-03,Mumbai,C18687,Amex,Travel,Male,18138.78,NetBanking,Amazon,Fuel,Declined,BR120
e100472,2026-01-07,Vizag,C88804,Visa,Utilities,Male,13301.1,NetBanking,Swiggy,Utilities,Approved,BR113
e100473,2026-03-25,Vizag,C34131,MasterCard,Fuel,Female,22405.02,Credit,DMart,Utilities,Approved,BR109
e100474,2026-02-13,Bengaluru,C13179,MasterCard,Travel,Male,13093.9,NetBanking,Reliance,Utilities,Approved,BR102
e100475,2026-05-02,Bengaluru,C82393,RuPay,Shopping,Female,24055.34,UPI,Swiggy,Retail,Declined,BR144
e100476,2026-02-10,Bengaluru,C92881,Amex,Utilities,Male,22618.34,Credit,HPCL,Travel,Approved,BR145
e100477,2026-02-12,Hyderabad,C97458,Visa,Travel,Male,15883.16,Credit,Swiggy,E-commerce,Approved,BR113
e100478,2026-06-18,Mumbai,C40552,RuPay,Dining,Female,16204.66,UPI,IRCTC,Food,Declined,BR114
e100479,2026-02-10,Hyderabad,C54938,MasterCard,Shopping,Male,9399.67,UPI,Zomato,Fuel,Approved,BR107
e100480,2026-03-14,Vizag,C13713,MasterCard,Shopping,Male,1294.36,NetBanking,HPCL,Travel,Declined,BR134
e100481,2026-06-01,Pune,C92300,Visa,Groceries,Male,19377.93,NetBanking,IOCL,Utilities,Approved,BR135
e100482,2026-01-11,Chennai,C57373,RuPay,Groceries,Male,576.53,Credit,Zomato,E-commerce,Declined,BR140
e100483,2026-05-09,Hyderabad,C21352,RuPay,Dining,Male,10164.36,UPI,DMart,Retail,Approved,BR125
e100484,2026-06-18,Delhi,C75972,Visa,Groceries,Male,12732.73,Credit,Swiggy,Retail,Declined,BR127
e100485,2026-05-05,Bengaluru,C14584,RuPay,Dining,Female,16647.48,UPI,DMart,Food,Approved,BR127
e100486,2026-01-26,Hyderabad,C81805,RuPay,Dining,Female,9616.19,UPI,Reliance,Retail,Approved,BR131
e100487,2026-03-21,Pune,C42935,RuPay,Travel,Male,17678.04,NetBanking,DMart,Retail,Declined,BR109
e100488,2026-03-17,Pune,C50165,MasterCard,Groceries,Female,3623.16,Credit,IRCTC,Retail,Declined,BR145
e100489,2026-05-22,Mumbai,C56449,RuPay,Fuel,Male,19074.47,UPI,HPCL,E-commerce,Approved,BR145
e100490,2026-03-13,Kolkata,C68727,MasterCard,Dining,Female,23242.81,UPI,IRCTC,Food,Approved,BR109
e100491,2026-01-27,Vizag,C73566,MasterCard,Travel,Female,17146.05,NetBanking,Swiggy,Utilities,Approved,BR138
e100492,2026-04-08,Delhi,C66676,Amex,Shopping,Female,1058.06,UPI,Swiggy,E-commerce,Declined,BR111
e100493,2026-04-07,Kolkata,C34035,MasterCard,Groceries,Female,23652.98,Credit,HPCL,Fuel,Approved,BR119
e100494,2026-03-26,Bengaluru,C44407,MasterCard,Fuel,Male,24630.34,UPI,HPCL,Utilities,Declined,BR125
e100495,2026-06-30,Hyderabad,C10869,MasterCard,Shopping,Male,15730.73,Credit,HPCL,Fuel,Declined,BR138
e100496,2026-01-27,Hyderabad,C64691,RuPay,Shopping,Female,7669.3,Credit,IOCL,Fuel,Approved,BR149
e100497,2026-02-21,Bengaluru,C27593,Visa,Travel,Male,18340.54,UPI,Amazon,Fuel,Approved,BR144
e100498,2026-01-26,Vizag,C50797,MasterCard,Shopping,Male,10700.68,Credit,DMart,Retail,Approved,BR133
e100499,2026-04-28,Delhi,C92146,Visa,Dining,Male,18608.11,Credit,Swiggy,Food,Approved,BR115
e100500,2026-05-03,Delhi,C70097,RuPay,Groceries,Female,16823.72,UPI,HPCL,Food,Approved,BR138
e100501,2026-04-06,Delhi,C17173,Visa,Travel,Male,5200.14,Credit,Swiggy,Utilities,Approved,BR136
e100502,2026-02-19,Delhi,C25575,RuPay,Shopping,Female,23708.43,Credit,HPCL,Fuel,Approved,BR113
e100503,2026-04-28,Delhi,C57802,Visa,Travel,Female,16646.37,NetBanking,HPCL,Retail,Approved,BR143
e100504,2026-04-29,Pune,C23098,RuPay,Dining,Female,3753.52,Credit,Reliance,Fuel,Declined,BR118
e100505,2026-04-14,Pune,C19770,Amex,Fuel,Female,10331.99,Credit,IRCTC,E-commerce,Declined,BR149
e100506,2026-03-02,Kolkata,C12054,MasterCard,Fuel,Female,13152.89,Credit,Amazon,Retail,Approved,BR142
e100507,2026-04-08,Bengaluru,C79732,MasterCard,Utilities,Female,20540.75,UPI,Zomato,Food,Approved,BR139
e100508,2026-06-17,Kolkata,C10871,MasterCard,Utilities,Male,539.89,NetBanking,DMart,Travel,Approved,BR108
e100509,2026-01-21,Pune,C85483,RuPay,Dining,Female,9558.07,Credit,Reliance,Retail,Declined,BR104
e100510,2026-04-01,Mumbai,C33627,MasterCard,Groceries,Female,6455.29,NetBanking,DMart,Travel,Approved,BR133
e100511,2026-05-22,Mumbai,C84469,RuPay,Dining,Female,14406.88,NetBanking,Amazon,Fuel,Declined,BR129
e100512,2026-01-28,Delhi,C94713,MasterCard,Dining,Male,9538.7,UPI,IRCTC,Fuel,Approved,BR110
e100513,2026-06-02,Mumbai,C27099,Amex,Travel,Male,9081.03,NetBanking,IRCTC,Travel,Approved,BR107
e100514,2026-01-03,Mumbai,C13241,MasterCard,Fuel,Male,19203.1,NetBanking,Amazon,Fuel,Declined,BR108
e100515,2026-04-19,Chennai,C53718,RuPay,Travel,Female,17456.72,UPI,IRCTC,E-commerce,Approved,BR115
e100516,2026-04-05,Pune,C90360,Visa,Shopping,Female,6237.42,NetBanking,Swiggy,Travel,Declined,BR138
e100517,2026-05-24,Pune,C89299,Visa,Fuel,Female,3259.09,NetBanking,Swiggy,Fuel,Declined,BR136
e100518,2026-05-26,Bengaluru,C63645,Amex,Fuel,Female,2606.5,Credit,Swiggy,Travel,Approved,BR121
e100519,2026-06-25,Vizag,C50732,Visa,Travel,Male,21897.45,UPI,HPCL,Retail,Declined,BR107
e100520,2026-05-31,Bengaluru,C41379,Visa,Fuel,Male,18524.49,Credit,HPCL,Travel,Approved,BR121
e100521,2026-06-29,Delhi,C52222,RuPay,Shopping,Male,11307.28,Credit,Reliance,Food,Approved,BR118
e100522,2026-02-27,Vizag,C18468,MasterCard,Dining,Female,3054.18,NetBanking,IRCTC,Food,Declined,BR137
e100523,2026-05-10,Delhi,C23076,Amex,Groceries,Female,14474.21,UPI,Zomato,Food,Approved,BR148
e100524,2026-03-30,Bengaluru,C15699,Visa,Fuel,Male,3751.97,NetBanking,Swiggy,Fuel,Declined,BR129
e100525,2026-06-07,Mumbai,C13162,Amex,Travel,Male,11974.48,UPI,IOCL,Fuel,Approved,BR104
e100526,2026-01-09,Mumbai,C34517,RuPay,Dining,Male,11334.85,UPI,IOCL,Travel,Declined,BR145
e100527,2026-01-09,Chennai,C29045,MasterCard,Travel,Male,10217.68,Credit,Reliance,Travel,Declined,BR134
e100528,2026-04-24,Mumbai,C49943,Amex,Travel,Male,10009.62,NetBanking,HPCL,Retail,Approved,BR137
e100529,2026-06-14,Vizag,C20370,MasterCard,Groceries,Female,4728.26,Credit,HPCL,Food,Approved,BR138
e100530,2026-04-23,Delhi,C88768,Amex,Fuel,Female,9278.22,UPI,IOCL,E-commerce,Approved,BR146
e100531,2026-03-06,Chennai,C29327,Visa,Groceries,Male,23105.69,Credit,DMart,Utilities,Declined,BR135
e100532,2026-01-23,Delhi,C75709,Visa,Fuel,Female,10046.52,NetBanking,Swiggy,Travel,Approved,BR122
e100533,2026-05-07,Kolkata,C96834,MasterCard,Fuel,Female,9348.4,Credit,Swiggy,E-commerce,Approved,BR102
e100534,2026-01-22,Kolkata,C48848,RuPay,Shopping,Male,20023.67,NetBanking,HPCL,Fuel,Approved,BR107
e100535,2026-02-02,Delhi,C26025,RuPay,Fuel,Female,2231.38,Credit,IRCTC,Utilities,Approved,BR108
e100536,2026-03-11,Chennai,C43880,Visa,Utilities,Male,22771.45,Credit,IRCTC,Fuel,Declined,BR149
e100537,2026-04-24,Mumbai,C24113,MasterCard,Dining,Female,706.01,UPI,Zomato,Travel,Approved,BR139
e100538,2026-04-17,Mumbai,C24186,MasterCard,Groceries,Female,8688.26,UPI,DMart,E-commerce,Declined,BR143
e100539,2026-02-13,Kolkata,C38126,Visa,Dining,Male,17423.56,Credit,Amazon,Food,Declined,BR143
e100540,2026-06-14,Pune,C25772,RuPay,Shopping,Female,5326.7,UPI,IRCTC,Food,Approved,BR137
e100541,2026-06-30,Hyderabad,C30853,Amex,Fuel,Male,20467.37,UPI,HPCL,Utilities,Approved,BR108
e100542,2026-03-24,Chennai,C96468,MasterCard,Fuel,Female,20881.39,NetBanking,Amazon,Utilities,Declined,BR144
e100543,2026-04-06,Hyderabad,C35624,Amex,Utilities,Female,19382.32,Credit,IRCTC,Travel,Declined,BR112
e100544,2026-04-07,Mumbai,C35415,RuPay,Dining,Female,17626.98,NetBanking,Swiggy,Utilities,Approved,BR111
e100545,2026-02-23,Mumbai,C18791,Amex,Shopping,Female,9223.13,Credit,Reliance,Utilities,Approved,BR150
e100546,2026-03-23,Chennai,C75116,Visa,Fuel,Male,13588.72,UPI,IOCL,Utilities,Declined,BR125
e100547,2026-03-02,Kolkata,C91515,RuPay,Utilities,Male,7904.41,UPI,DMart,Fuel,Approved,BR127
e100548,2026-06-25,Bengaluru,C11994,Amex,Shopping,Male,2926.61,NetBanking,Zomato,Fuel,Approved,BR125
e100549,2026-01-13,Vizag,C76781,MasterCard,Utilities,Male,2803.23,Credit,Zomato,Utilities,Declined,BR128
e100550,2026-05-03,Delhi,C49803,MasterCard,Fuel,Female,8883.01,UPI,Swiggy,Utilities,Declined,BR107
e100551,2026-05-25,Chennai,C38563,Visa,Groceries,Female,549.78,NetBanking,Reliance,Travel,Approved,BR150
e100552,2026-03-25,Vizag,C14730,Amex,Shopping,Female,3361.86,Credit,IRCTC,Travel,Approved,BR127
e100553,2026-03-16,Hyderabad,C91159,MasterCard,Utilities,Female,21336.62,UPI,DMart,E-commerce,Approved,BR107
e100554,2026-01-07,Delhi,C57245,MasterCard,Fuel,Female,17945.4,UPI,Amazon,Retail,Approved,BR107
e100555,2026-05-29,Hyderabad,C16940,RuPay,Dining,Female,8471.15,UPI,HPCL,Travel,Declined,BR137
e100556,2026-04-12,Delhi,C11502,MasterCard,Utilities,Male,21411.83,UPI,Reliance,Food,Declined,BR114
e100557,2026-04-08,Mumbai,C85935,Amex,Travel,Female,6181.67,NetBanking,Amazon,Food,Declined,BR120
e100558,2026-04-26,Hyderabad,C79536,RuPay,Fuel,Female,13436.21,UPI,HPCL,Retail,Declined,BR112
e100559,2026-03-21,Pune,C91657,Visa,Groceries,Male,16494.18,Credit,DMart,E-commerce,Approved,BR129
e100560,2026-03-13,Bengaluru,C63129,Amex,Travel,Female,6670.52,NetBanking,Reliance,Retail,Approved,BR121
e100561,2026-01-11,Hyderabad,C94059,RuPay,Travel,Male,9608.99,NetBanking,IOCL,Travel,Declined,BR126
e100562,2026-04-29,Delhi,C95890,Amex,Dining,Female,4121.75,NetBanking,DMart,Travel,Declined,BR142
e100563,2026-03-13,Vizag,C27592,MasterCard,Travel,Female,12117.3,NetBanking,HPCL,Travel,Declined,BR149
e100564,2026-04-27,Delhi,C75004,RuPay,Fuel,Male,20545.7,UPI,Reliance,E-commerce,Declined,BR137
e100565,2026-03-27,Vizag,C14277,Visa,Utilities,Male,2514.68,NetBanking,IRCTC,Retail,Declined,BR145
e100566,2026-02-13,Chennai,C41717,Visa,Utilities,Female,8423.71,NetBanking,DMart,Retail,Declined,BR138
e100567,2026-05-22,Chennai,C74964,Amex,Utilities,Female,16542.92,UPI,Swiggy,E-commerce,Declined,BR103
e100568,2026-01-03,Vizag,C16663,Amex,Groceries,Female,10419.41,Credit,HPCL,Fuel,Approved,BR134
e100569,2026-06-22,Mumbai,C61373,Amex,Dining,Male,5999.52,UPI,Amazon,Fuel,Declined,BR135
e100570,2026-01-12,Chennai,C64519,RuPay,Utilities,Male,22281.02,NetBanking,HPCL,Retail,Approved,BR140
e100571,2026-05-17,Kolkata,C84919,Amex,Utilities,Female,1880.16,NetBanking,Reliance,E-commerce,Declined,BR101
e100572,2026-03-21,Chennai,C35553,MasterCard,Fuel,Male,13814.68,NetBanking,DMart,Food,Declined,BR114
e100573,2026-05-18,Hyderabad,C90412,Amex,Utilities,Female,20660.87,NetBanking,IOCL,E-commerce,Approved,BR111
e100574,2026-06-07,Mumbai,C29836,MasterCard,Groceries,Female,14337.51,UPI,Reliance,Food,Approved,BR119
e100575,2026-05-11,Mumbai,C43091,Amex,Fuel,Male,23364.02,UPI,Reliance,Fuel,Declined,BR146
e100576,2026-01-12,Chennai,C14507,MasterCard,Travel,Male,7330.14,Credit,IRCTC,E-commerce,Declined,BR102
e100577,2026-04-09,Chennai,C26171,Visa,Fuel,Male,5235.28,Credit,IRCTC,Utilities,Approved,BR141
e100578,2026-05-09,Kolkata,C89097,Visa,Shopping,Male,10609.97,NetBanking,DMart,Retail,Approved,BR123
e100579,2026-04-08,Delhi,C16166,MasterCard,Groceries,Male,12710.68,UPI,HPCL,Fuel,Approved,BR130
e100580,2026-01-12,Hyderabad,C94473,MasterCard,Dining,Male,18147.02,Credit,Reliance,Food,Declined,BR132
e100581,2026-06-28,Pune,C93734,MasterCard,Dining,Male,7772.29,NetBanking,HPCL,Fuel,Declined,BR110
e100582,2026-05-11,Pune,C61920,Visa,Groceries,Female,22126.32,NetBanking,DMart,Food,Declined,BR104
e100583,2026-01-12,Kolkata,C66564,MasterCard,Travel,Female,6543.41,Credit,DMart,E-commerce,Declined,BR122
e100584,2026-06-20,Mumbai,C81510,MasterCard,Fuel,Female,10422.26,Credit,DMart,Fuel,Approved,BR131
e100585,2026-05-28,Mumbai,C84980,Visa,Groceries,Female,4277.36,NetBanking,IRCTC,E-commerce,Declined,BR142
e100586,2026-02-24,Hyderabad,C66308,Visa,Fuel,Female,15731.69,Credit,Reliance,Retail,Approved,BR131
e100587,2026-06-21,Chennai,C16729,Visa,Travel,Female,19177.7,UPI,Swiggy,Travel,Declined,BR141
e100588,2026-02-06,Pune,C90756,Amex,Utilities,Female,21944.97,Credit,Zomato,E-commerce,Declined,BR134
e100589,2026-06-12,Bengaluru,C48818,MasterCard,Travel,Female,3822.73,Credit,Zomato,E-commerce,Declined,BR149
e100590,2026-03-12,Hyderabad,C83408,MasterCard,Travel,Female,5479.58,NetBanking,DMart,Travel,Declined,BR104
e100591,2026-01-27,Kolkata,C44422,Amex,Dining,Female,6725.08,NetBanking,Swiggy,Food,Approved,BR116
e100592,2026-04-14,Chennai,C58946,Visa,Travel,Female,15056.64,NetBanking,Amazon,Fuel,Approved,BR104
e100593,2026-05-11,Delhi,C98833,MasterCard,Travel,Male,1736.68,NetBanking,Amazon,Food,Approved,BR122
e100594,2026-02-04,Mumbai,C64539,Visa,Utilities,Female,9777.35,Credit,IRCTC,Utilities,Declined,BR102
e100595,2026-03-10,Pune,C92802,RuPay,Shopping,Female,22499.17,NetBanking,Reliance,Travel,Approved,BR148
e100596,2026-01-26,Delhi,C80165,Visa,Shopping,Female,6546.79,NetBanking,DMart,Utilities,Declined,BR116
e100597,2026-02-17,Pune,C18654,Visa,Travel,Male,4042.55,UPI,HPCL,Travel,Approved,BR111
e100598,2026-03-19,Delhi,C10162,MasterCard,Groceries,Male,21196.65,NetBanking,Amazon,Fuel,Approved,BR121
e100599,2026-01-31,Bengaluru,C86594,MasterCard,Utilities,Male,9118.47,Credit,Amazon,E-commerce,Approved,BR140
e100600,2026-05-25,Kolkata,C55381,Amex,Utilities,Female,6632.14,UPI,IRCTC,Travel,Declined,BR147
e100601,2026-05-01,Vizag,C25901,MasterCard,Dining,Female,16084.98,UPI,Reliance,Food,Approved,BR115
e100602,2026-01-09,Kolkata,C68943,RuPay,Groceries,Female,10405.72,Credit,IOCL,E-commerce,Declined,BR120
e100603,2026-05-15,Delhi,C62838,MasterCard,Groceries,Male,11879.73,UPI,IRCTC,Utilities,Declined,BR124
e100604,2026-04-29,Delhi,C51847,RuPay,Utilities,Male,18428.87,NetBanking,HPCL,Retail,Approved,BR143
e100605,2026-06-20,Kolkata,C51451,Amex,Shopping,Female,10054.9,NetBanking,IOCL,Utilities,Approved,BR146
e100606,2026-03-04,Delhi,C14102,MasterCard,Groceries,Female,2513.09,NetBanking,Amazon,Retail,Approved,BR126
e100607,2026-01-20,Mumbai,C66879,Visa,Fuel,Female,17617.47,UPI,IRCTC,Utilities,Declined,BR111
e100608,2026-01-10,Chennai,C67832,RuPay,Utilities,Male,14330.08,NetBanking,Swiggy,E-commerce,Declined,BR121
e100609,2026-02-09,Hyderabad,C50554,Amex,Dining,Female,20031.99,NetBanking,Amazon,Fuel,Approved,BR103
e100610,2026-03-31,Hyderabad,C66736,Amex,Fuel,Female,7135.5,UPI,HPCL,Fuel,Approved,BR113
e100611,2026-04-13,Hyderabad,C36738,Amex,Utilities,Female,21326.13,Credit,HPCL,Travel,Declined,BR135
e100612,2026-04-04,Mumbai,C84069,MasterCard,Utilities,Female,9203.68,NetBanking,DMart,Travel,Approved,BR145
e100613,2026-02-25,Vizag,C46349,Visa,Travel,Female,3859.39,Credit,Reliance,Retail,Declined,BR104
e100614,2026-03-09,Vizag,C78444,Amex,Travel,Female,9478.77,Credit,Swiggy,Retail,Declined,BR142
e100615,2026-05-06,Delhi,C90552,MasterCard,Utilities,Male,11580.59,NetBanking,IOCL,Retail,Approved,BR144
e100616,2026-01-01,Bengaluru,C30795,MasterCard,Travel,Male,19127.06,UPI,Reliance,Travel,Declined,BR136
e100617,2026-03-30,Chennai,C62950,RuPay,Dining,Female,10601.74,Credit,IRCTC,Fuel,Declined,BR121
e100618,2026-01-29,Mumbai,C23438,Visa,Dining,Male,6309.44,NetBanking,DMart,Food,Declined,BR107
e100619,2026-03-30,Bengaluru,C76070,RuPay,Dining,Male,12352.43,Credit,Amazon,Fuel,Declined,BR106
e100620,2026-03-22,Pune,C43958,Visa,Utilities,Female,6884.22,UPI,IOCL,Food,Approved,BR141
e100621,2026-05-23,Mumbai,C90982,Amex,Groceries,Female,20986.6,UPI,Reliance,Food,Declined,BR125
e100622,2026-02-17,Chennai,C60776,Amex,Utilities,Male,23248.7,Credit,IOCL,Food,Approved,BR130
e100623,2026-05-10,Mumbai,C99663,Visa,Fuel,Female,16001.63,Credit,Amazon,Utilities,Declined,BR146
e100624,2026-02-20,Mumbai,C85255,MasterCard,Dining,Male,12658.25,Credit,Reliance,Food,Declined,BR145
e100625,2026-05-19,Vizag,C11062,Visa,Fuel,Male,13854.91,UPI,IRCTC,Food,Approved,BR113
e100626,2026-01-06,Pune,C32913,RuPay,Utilities,Male,13949.67,UPI,Amazon,Fuel,Approved,BR113
e100627,2026-02-23,Chennai,C21942,RuPay,Shopping,Female,4330.58,UPI,DMart,E-commerce,Approved,BR110
e100628,2026-02-28,Chennai,C22471,RuPay,Travel,Female,20152.15,Credit,Reliance,Food,Approved,BR146
e100629,2026-06-27,Vizag,C17069,Amex,Fuel,Female,19768.26,NetBanking,Reliance,Retail,Approved,BR105
e100630,2026-02-24,Vizag,C15417,MasterCard,Shopping,Male,15045.09,Credit,Amazon,Utilities,Declined,BR150
e100631,2026-01-27,Hyderabad,C25464,RuPay,Shopping,Female,8078.32,Credit,Zomato,Fuel,Declined,BR146
e100632,2026-01-15,Mumbai,C71383,MasterCard,Fuel,Female,300.64,Credit,Zomato,Utilities,Declined,BR144
e100633,2026-04-18,Hyderabad,C61128,RuPay,Fuel,Male,22032.88,UPI,Zomato,Travel,Approved,BR142
e100634,2026-01-17,Pune,C58801,Visa,Utilities,Male,11060.26,UPI,DMart,Retail,Declined,BR141
e100635,2026-06-06,Vizag,C18680,RuPay,Shopping,Female,1910.12,UPI,DMart,Retail,Approved,BR116
e100636,2026-04-22,Mumbai,C38320,Amex,Shopping,Male,24497.81,NetBanking,IRCTC,Fuel,Declined,BR109
e100637,2026-06-20,Mumbai,C11061,RuPay,Travel,Female,1744.15,UPI,IOCL,Retail,Declined,BR133
e100638,2026-01-15,Chennai,C70270,Amex,Fuel,Male,8188.94,NetBanking,DMart,Travel,Approved,BR142
e100639,2026-05-17,Vizag,C65754,Visa,Shopping,Female,11953.16,UPI,IOCL,E-commerce,Approved,BR138
e100640,2026-04-23,Pune,C10933,RuPay,Fuel,Male,20573.88,UPI,Amazon,Fuel,Approved,BR117
e100641,2026-04-10,Bengaluru,C32417,MasterCard,Fuel,Male,21921.11,UPI,IOCL,Travel,Approved,BR138
e100642,2026-02-01,Chennai,C79311,Visa,Utilities,Female,17148.2,UPI,Reliance,E-commerce,Approved,BR117
e100643,2026-01-22,Chennai,C26706,Amex,Dining,Female,3861.28,Credit,Reliance,Travel,Approved,BR113
e100644,2026-04-20,Vizag,C42175,Visa,Utilities,Female,19559.25,Credit,DMart,Retail,Approved,BR148
e100645,2026-06-27,Delhi,C61782,Visa,Dining,Female,18062.19,NetBanking,IOCL,Food,Approved,BR125
e100646,2026-04-18,Hyderabad,C36933,RuPay,Dining,Female,10193.35,NetBanking,Zomato,Travel,Declined,BR145
e100647,2026-02-03,Chennai,C77682,RuPay,Utilities,Male,7740.05,Credit,Reliance,Fuel,Approved,BR114
e100648,2026-04-29,Pune,C59916,RuPay,Dining,Male,20520.85,NetBanking,Zomato,Fuel,Declined,BR135
e100649,2026-06-20,Hyderabad,C20721,MasterCard,Groceries,Female,15998.1,UPI,HPCL,Fuel,Declined,BR123
e100650,2026-03-12,Chennai,C35300,RuPay,Shopping,Male,5117.44,UPI,IOCL,Food,Declined,BR138
e100651,2026-05-05,Bengaluru,C49680,MasterCard,Dining,Female,5605.58,UPI,DMart,Travel,Declined,BR120
e100652,2026-03-11,Chennai,C65061,Amex,Shopping,Male,6574.92,UPI,IRCTC,Food,Approved,BR109
e100653,2026-01-08,Pune,C20689,MasterCard,Shopping,Male,819.85,UPI,Zomato,E-commerce,Declined,BR142
e100654,2026-03-02,Delhi,C19757,RuPay,Travel,Female,3077.31,Credit,Swiggy,Retail,Approved,BR141
e100655,2026-05-28,Kolkata,C45862,MasterCard,Shopping,Male,3030.69,UPI,DMart,Food,Approved,BR119
e100656,2026-03-29,Hyderabad,C69037,RuPay,Fuel,Female,198.22,Credit,IRCTC,Fuel,Declined,BR108
e100657,2026-03-16,Chennai,C81390,Amex,Travel,Male,14297.96,Credit,Amazon,Utilities,Declined,BR141
e100658,2026-06-27,Chennai,C94436,Visa,Dining,Male,400.17,Credit,Swiggy,Retail,Approved,BR135
e100659,2026-01-09,Kolkata,C55461,MasterCard,Shopping,Male,5841.2,Credit,Zomato,Fuel,Declined,BR113
e100660,2026-06-08,Kolkata,C16991,MasterCard,Shopping,Female,7291.92,UPI,Amazon,Utilities,Declined,BR136
e100661,2026-03-22,Mumbai,C56101,Visa,Dining,Female,8654.32,Credit,Swiggy,Travel,Declined,BR108
e100662,2026-01-22,Kolkata,C59211,RuPay,Shopping,Female,5362.33,UPI,IRCTC,Retail,Declined,BR118
e100663,2026-06-04,Chennai,C42428,MasterCard,Travel,Male,18616.87,NetBanking,Amazon,E-commerce,Declined,BR114
e100664,2026-04-15,Mumbai,C63704,Amex,Fuel,Female,8521.91,NetBanking,HPCL,Fuel,Declined,BR134
e100665,2026-02-28,Chennai,C16579,Amex,Dining,Female,2520.39,Credit,Swiggy,E-commerce,Declined,BR117
e100666,2026-02-04,Kolkata,C89474,MasterCard,Groceries,Male,17875.74,UPI,IRCTC,Fuel,Approved,BR132
e100667,2026-01-17,Pune,C11040,Visa,Dining,Female,17647.35,NetBanking,IOCL,Retail,Approved,BR118
e100668,2026-02-11,Hyderabad,C43368,MasterCard,Dining,Male,21048.31,UPI,HPCL,Retail,Declined,BR101
e100669,2026-03-23,Kolkata,C77096,RuPay,Dining,Female,3491.38,Credit,Reliance,E-commerce,Approved,BR138
e100670,2026-02-07,Delhi,C10254,RuPay,Utilities,Male,10615.53,Credit,Swiggy,Retail,Approved,BR147
e100671,2026-04-29,Bengaluru,C87987,RuPay,Shopping,Male,3228.45,Credit,Amazon,Travel,Declined,BR127
e100672,2026-04-16,Hyderabad,C30051,Amex,Shopping,Male,3733.65,Credit,Swiggy,Fuel,Declined,BR103
e100673,2026-01-25,Vizag,C72306,RuPay,Utilities,Female,23006.17,UPI,Amazon,Retail,Approved,BR107
e100674,2026-01-22,Kolkata,C30636,MasterCard,Utilities,Male,15593.92,NetBanking,IRCTC,E-commerce,Approved,BR137
e100675,2026-03-04,Pune,C82306,RuPay,Groceries,Male,21596.17,NetBanking,DMart,E-commerce,Declined,BR147
e100676,2026-06-07,Vizag,C54410,Visa,Dining,Female,13792.92,Credit,Zomato,Fuel,Declined,BR125
e100677,2026-03-02,Pune,C83256,MasterCard,Utilities,Female,16041.28,NetBanking,DMart,Food,Declined,BR127
e100678,2026-02-03,Bengaluru,C39727,RuPay,Fuel,Female,5759.7,UPI,Reliance,Retail,Declined,BR113
e100679,2026-04-25,Delhi,C28942,MasterCard,Dining,Female,9186.5,NetBanking,Amazon,Travel,Declined,BR108
e100680,2026-02-13,Hyderabad,C95033,RuPay,Utilities,Male,20318.55,UPI,HPCL,Travel,Declined,BR136
e100681,2026-04-18,Hyderabad,C24508,Visa,Utilities,Male,24204.29,NetBanking,Zomato,Retail,Approved,BR116
e100682,2026-05-27,Delhi,C60442,RuPay,Shopping,Female,239.44,Credit,DMart,Utilities,Declined,BR126
e100683,2026-01-19,Delhi,C91938,MasterCard,Utilities,Female,20147.34,NetBanking,DMart,Retail,Declined,BR119
e100684,2026-04-09,Pune,C29255,RuPay,Shopping,Female,5406.49,Credit,HPCL,Food,Approved,BR130
e100685,2026-04-12,Vizag,C50469,Visa,Utilities,Female,13020.81,Credit,DMart,Travel,Declined,BR117
e100686,2026-05-10,Bengaluru,C56943,MasterCard,Dining,Male,20763.02,UPI,Swiggy,Fuel,Approved,BR148
e100687,2026-01-12,Mumbai,C82170,Visa,Fuel,Female,15638.25,UPI,Swiggy,Food,Declined,BR127
e100688,2026-06-07,Pune,C90376,Amex,Fuel,Female,20373.89,NetBanking,HPCL,Fuel,Approved,BR112
e100689,2026-06-18,Delhi,C66725,Visa,Groceries,Male,6274.09,UPI,Reliance,E-commerce,Declined,BR108
e100690,2026-05-25,Pune,C93100,MasterCard,Utilities,Male,3571.25,UPI,HPCL,Food,Declined,BR148
e100691,2026-05-12,Chennai,C19402,MasterCard,Travel,Female,18566.69,Credit,IOCL,Travel,Approved,BR149
e100692,2026-06-18,Bengaluru,C69454,RuPay,Utilities,Female,5266.44,UPI,Zomato,Retail,Approved,BR140
e100693,2026-04-12,Vizag,C85062,MasterCard,Travel,Male,15238.11,UPI,Swiggy,Utilities,Approved,BR135
e100694,2026-06-03,Chennai,C41369,Visa,Groceries,Male,4786.54,UPI,IOCL,Retail,Approved,BR111
e100695,2026-06-09,Vizag,C56856,RuPay,Shopping,Female,14877.52,UPI,IRCTC,Fuel,Approved,BR136
e100696,2026-04-14,Bengaluru,C68439,MasterCard,Groceries,Male,3013.35,NetBanking,IRCTC,Retail,Approved,BR142
e100697,2026-03-19,Chennai,C39184,Amex,Shopping,Male,1813.54,NetBanking,Reliance,Utilities,Approved,BR129
e100698,2026-06-25,Chennai,C11615,RuPay,Travel,Male,12939.41,Credit,Swiggy,Travel,Declined,BR107
e100699,2026-03-15,Delhi,C79677,Amex,Shopping,Female,13878.29,NetBanking,Reliance,Fuel,Approved,BR138
e100700,2026-04-10,Vizag,C25794,MasterCard,Utilities,Female,21763.77,NetBanking,DMart,Utilities,Declined,BR139
e100701,2026-05-14,Delhi,C45939,MasterCard,Groceries,Female,17190.11,Credit,IRCTC,Fuel,Approved,BR120
e100702,2026-04-17,Vizag,C18050,Visa,Groceries,Female,14314.49,UPI,Reliance,Food,Approved,BR102
e100703,2026-03-26,Hyderabad,C58100,Amex,Groceries,Female,2194.63,UPI,Swiggy,Travel,Declined,BR142
e100704,2026-06-18,Mumbai,C19867,RuPay,Dining,Male,19293.4,UPI,Amazon,Food,Declined,BR140
e100705,2026-04-18,Mumbai,C32790,Visa,Fuel,Male,11397.57,UPI,Reliance,E-commerce,Approved,BR108
e100706,2026-03-13,Vizag,C87456,Visa,Shopping,Male,8702.47,NetBanking,IRCTC,Fuel,Approved,BR104
e100707,2026-06-23,Hyderabad,C88782,MasterCard,Groceries,Female,2119.13,Credit,Swiggy,Travel,Approved,BR125
e100708,2026-02-04,Mumbai,C26826,MasterCard,Travel,Male,11248.45,Credit,IOCL,E-commerce,Approved,BR107
e100709,2026-03-30,Mumbai,C34987,Visa,Utilities,Male,9142.32,NetBanking,IOCL,Retail,Approved,BR122
e100710,2026-02-16,Mumbai,C79267,RuPay,Utilities,Male,14714.06,Credit,Amazon,E-commerce,Approved,BR127
e100711,2026-06-29,Pune,C86452,Amex,Utilities,Female,13430.88,Credit,IOCL,Retail,Declined,BR107
e100712,2026-02-14,Bengaluru,C76503,Amex,Utilities,Female,5343.74,Credit,Reliance,E-commerce,Approved,BR116
e100713,2026-05-03,Vizag,C14811,MasterCard,Groceries,Female,2311.01,Credit,HPCL,Utilities,Declined,BR118
e100714,2026-04-24,Vizag,C55954,RuPay,Dining,Female,131.3,NetBanking,IRCTC,Retail,Approved,BR114
e100715,2026-04-04,Kolkata,C35053,MasterCard,Utilities,Male,24588.16,Credit,DMart,Retail,Declined,BR150
e100716,2026-04-22,Chennai,C60843,Visa,Dining,Male,9459.5,Credit,DMart,E-commerce,Declined,BR109
e100717,2026-05-09,Bengaluru,C96016,RuPay,Utilities,Female,20778.72,NetBanking,Swiggy,Utilities,Declined,BR122
e100718,2026-03-10,Pune,C96385,MasterCard,Utilities,Male,11072.05,NetBanking,IOCL,Travel,Declined,BR133
e100719,2026-05-23,Mumbai,C23966,Amex,Fuel,Male,8800.17,Credit,IOCL,Travel,Declined,BR135
e100720,2026-03-31,Mumbai,C49670,RuPay,Travel,Male,14610.94,Credit,Amazon,E-commerce,Approved,BR104
e100721,2026-02-12,Vizag,C11673,MasterCard,Fuel,Male,11221.55,UPI,Reliance,Travel,Declined,BR114
e100722,2026-06-18,Vizag,C61419,Visa,Dining,Female,640.08,UPI,Zomato,Fuel,Declined,BR110
e100723,2026-04-05,Chennai,C43737,RuPay,Dining,Male,3656.7,Credit,IRCTC,E-commerce,Declined,BR115
e100724,2026-05-15,Chennai,C21425,MasterCard,Groceries,Female,11913.75,NetBanking,Swiggy,Food,Declined,BR110
e100725,2026-05-24,Mumbai,C49781,Visa,Shopping,Female,6467.11,UPI,Swiggy,Food,Declined,BR124
e100726,2026-05-28,Chennai,C67058,Amex,Fuel,Male,4562.43,Credit,Swiggy,E-commerce,Declined,BR147
e100727,2026-05-03,Bengaluru,C77398,MasterCard,Travel,Male,7693.46,Credit,Amazon,Travel,Approved,BR102
e100728,2026-05-11,Vizag,C28512,RuPay,Shopping,Male,20642.78,NetBanking,Zomato,Food,Declined,BR127
e100729,2026-05-05,Kolkata,C82049,RuPay,Utilities,Male,14270.35,NetBanking,Amazon,E-commerce,Approved,BR122
e100730,2026-04-21,Kolkata,C11994,Visa,Utilities,Male,6628.25,UPI,Amazon,Fuel,Approved,BR112
e100731,2026-02-11,Pune,C19103,RuPay,Travel,Male,3450.81,NetBanking,Amazon,Utilities,Declined,BR111
e100732,2026-03-14,Chennai,C43244,MasterCard,Fuel,Male,11502.55,Credit,Swiggy,Utilities,Approved,BR104
e100733,2026-02-03,Vizag,C76320,Visa,Utilities,Female,4118.43,Credit,Amazon,Fuel,Approved,BR105
e100734,2026-04-10,Chennai,C10270,MasterCard,Groceries,Female,5358.67,UPI,IRCTC,Travel,Declined,BR148
e100735,2026-03-04,Kolkata,C29617,Visa,Groceries,Female,13577.46,Credit,DMart,Retail,Declined,BR133
e100736,2026-04-19,Delhi,C10995,Amex,Groceries,Male,16321.84,Credit,Zomato,Fuel,Declined,BR142
e100737,2026-02-28,Mumbai,C18383,RuPay,Travel,Male,14222.59,UPI,IOCL,Fuel,Approved,BR137
e100738,2026-02-20,Hyderabad,C23467,Visa,Fuel,Male,1424.24,NetBanking,IOCL,Fuel,Approved,BR143
e100739,2026-03-02,Kolkata,C36688,Amex,Fuel,Male,18885.98,UPI,DMart,Food,Approved,BR111
e100740,2026-02-06,Mumbai,C54318,MasterCard,Dining,Female,3980.88,Credit,HPCL,Travel,Approved,BR144
e100741,2026-06-12,Hyderabad,C26894,Visa,Shopping,Female,24341.45,Credit,Zomato,Travel,Declined,BR134
e100742,2026-04-19,Delhi,C70249,Visa,Utilities,Female,4137.99,NetBanking,Amazon,Retail,Declined,BR108
e100743,2026-02-12,Delhi,C19833,Amex,Travel,Female,3688.13,Credit,Zomato,Food,Declined,BR105
e100744,2026-03-04,Delhi,C28144,Visa,Travel,Male,21539.3,UPI,HPCL,Travel,Declined,BR106
e100745,2026-01-27,Bengaluru,C96867,Visa,Travel,Female,11080.44,Credit,Zomato,Fuel,Approved,BR124
e100746,2026-03-10,Mumbai,C15967,RuPay,Travel,Male,12966.16,Credit,Reliance,Travel,Declined,BR128
e100747,2026-02-21,Kolkata,C56121,Amex,Travel,Male,225.37,UPI,IOCL,Retail,Declined,BR132
e100748,2026-06-06,Chennai,C27134,Amex,Shopping,Female,3944.91,NetBanking,Reliance,Retail,Approved,BR128
e100749,2026-02-28,Kolkata,C17292,RuPay,Dining,Female,15327.73,Credit,HPCL,E-commerce,Approved,BR127
e100750,2026-03-01,Vizag,C92833,MasterCard,Shopping,Female,4980.84,Credit,Reliance,Retail,Approved,BR133
e100751,2026-03-08,Vizag,C63676,MasterCard,Shopping,Female,7027.6,UPI,Reliance,Fuel,Approved,BR115
e100752,2026-04-10,Bengaluru,C76551,Amex,Dining,Female,12401.23,Credit,HPCL,Retail,Declined,BR104
e100753,2026-05-26,Delhi,C88915,Amex,Fuel,Male,12546.51,UPI,Zomato,Food,Approved,BR138
e100754,2026-02-11,Bengaluru,C68369,Visa,Travel,Female,12473.31,NetBanking,DMart,Fuel,Approved,BR140
e100755,2026-03-22,Hyderabad,C54550,MasterCard,Shopping,Male,6975.45,Credit,DMart,Utilities,Declined,BR147
e100756,2026-01-26,Vizag,C84398,RuPay,Dining,Female,13153.72,NetBanking,DMart,Fuel,Declined,BR109
e100757,2026-02-26,Kolkata,C89064,Visa,Dining,Female,10289.07,NetBanking,IRCTC,Utilities,Declined,BR121
e100758,2026-01-29,Vizag,C36354,MasterCard,Utilities,Female,2621.45,UPI,IRCTC,Fuel,Approved,BR132
e100759,2026-05-19,Vizag,C40438,MasterCard,Travel,Male,6804.51,UPI,IOCL,E-commerce,Declined,BR139
e100760,2026-06-20,Hyderabad,C71091,Amex,Travel,Male,5615.42,UPI,DMart,Fuel,Declined,BR149
e100761,2026-03-19,Vizag,C14873,Amex,Fuel,Female,19239.09,NetBanking,Swiggy,Fuel,Approved,BR147
e100762,2026-02-01,Mumbai,C52758,RuPay,Utilities,Female,19531.3,UPI,IRCTC,Travel,Approved,BR139
e100763,2026-05-09,Delhi,C83828,Amex,Fuel,Male,19268.25,NetBanking,Zomato,Travel,Declined,BR129
e100764,2026-06-19,Chennai,C34414,Visa,Utilities,Female,10028.81,NetBanking,Reliance,Fuel,Declined,BR110
e100765,2026-05-20,Bengaluru,C19798,Amex,Groceries,Female,15949.02,NetBanking,IRCTC,Utilities,Approved,BR131
e100766,2026-02-25,Pune,C17520,MasterCard,Groceries,Male,19590.61,Credit,Zomato,Fuel,Approved,BR109
e100767,2026-04-16,Kolkata,C96456,Visa,Fuel,Female,23759.04,UPI,IOCL,Travel,Declined,BR126
e100768,2026-02-24,Chennai,C11361,Amex,Fuel,Male,24696.51,UPI,IOCL,Travel,Declined,BR112
e100769,2026-05-18,Chennai,C91217,RuPay,Dining,Female,12035.67,UPI,Amazon,Food,Approved,BR115
e100770,2026-05-12,Bengaluru,C98657,Visa,Groceries,Female,8605.0,NetBanking,Amazon,Fuel,Declined,BR144
e100771,2026-02-28,Chennai,C35951,RuPay,Travel,Female,19596.39,UPI,Zomato,Utilities,Declined,BR147
e100772,2026-03-25,Kolkata,C69375,Visa,Dining,Male,14707.83,NetBanking,IOCL,E-commerce,Declined,BR109
e100773,2026-01-11,Delhi,C67086,Visa,Shopping,Female,24125.3,UPI,IOCL,Food,Declined,BR107
e100774,2026-05-23,Hyderabad,C94734,RuPay,Shopping,Male,17129.77,Credit,IRCTC,Retail,Declined,BR138
e100775,2026-05-27,Hyderabad,C71037,RuPay,Travel,Male,1922.78,NetBanking,IRCTC,Retail,Declined,BR148
e100776,2026-01-30,Hyderabad,C27185,RuPay,Dining,Female,352.49,Credit,Swiggy,Fuel,Approved,BR141
e100777,2026-06-16,Delhi,C18365,Visa,Utilities,Male,9119.41,Credit,Amazon,Retail,Declined,BR147
e100778,2026-03-13,Bengaluru,C34759,Amex,Utilities,Male,10588.32,Credit,IOCL,Fuel,Declined,BR148
e100779,2026-05-01,Chennai,C10038,Amex,Utilities,Male,15836.81,UPI,IRCTC,Travel,Declined,BR121
e100780,2026-01-30,Bengaluru,C60906,Visa,Dining,Male,5895.59,NetBanking,HPCL,Utilities,Approved,BR115
e100781,2026-05-25,Bengaluru,C77677,MasterCard,Shopping,Female,13810.24,Credit,Reliance,Food,Declined,BR149
e100782,2026-04-15,Mumbai,C69022,Amex,Groceries,Male,10013.11,NetBanking,IRCTC,Food,Approved,BR133
e100783,2026-05-04,Chennai,C77981,Amex,Fuel,Female,11212.47,Credit,Reliance,Food,Declined,BR103
e100784,2026-02-16,Chennai,C11348,RuPay,Fuel,Female,23797.71,NetBanking,Amazon,Travel,Approved,BR147
e100785,2026-05-26,Vizag,C17781,Amex,Shopping,Male,22039.1,NetBanking,DMart,Utilities,Declined,BR136
e100786,2026-05-15,Mumbai,C43289,RuPay,Groceries,Female,20925.29,UPI,IOCL,Food,Declined,BR139
e100787,2026-03-28,Chennai,C22144,Visa,Shopping,Male,19858.84,NetBanking,DMart,Travel,Approved,BR146
e100788,2026-06-23,Hyderabad,C32962,Visa,Shopping,Female,12105.55,Credit,DMart,Utilities,Approved,BR111
e100789,2026-04-15,Hyderabad,C87373,Visa,Groceries,Female,13971.98,UPI,Zomato,Retail,Declined,BR101
e100790,2026-02-25,Chennai,C32229,Amex,Fuel,Female,20657.15,NetBanking,Reliance,Food,Approved,BR117
e100791,2026-02-23,Mumbai,C64241,Amex,Dining,Female,22812.8,NetBanking,Swiggy,Fuel,Approved,BR115
e100792,2026-05-27,Kolkata,C48674,Visa,Shopping,Male,15886.75,UPI,HPCL,Food,Approved,BR114
e100793,2026-03-06,Kolkata,C58822,Amex,Groceries,Female,9044.04,Credit,HPCL,E-commerce,Approved,BR133
e100794,2026-05-04,Chennai,C78140,Visa,Shopping,Female,8381.35,NetBanking,Reliance,Utilities,Approved,BR144
e100795,2026-01-04,Delhi,C64115,RuPay,Utilities,Female,5515.8,Credit,DMart,Retail,Declined,BR109
e100796,2026-05-19,Vizag,C96876,Visa,Utilities,Female,18468.33,Credit,IOCL,Fuel,Approved,BR120
e100797,2026-06-21,Delhi,C70734,RuPay,Groceries,Male,16379.53,UPI,Swiggy,Food,Approved,BR132
e100798,2026-05-23,Kolkata,C78603,Visa,Shopping,Male,3230.64,NetBanking,DMart,Fuel,Approved,BR125
e100799,2026-04-28,Hyderabad,C15961,Amex,Dining,Female,13011.07,Credit,Amazon,E-commerce,Declined,BR138
e100800,2026-06-23,Pune,C24063,Amex,Dining,Female,19593.3,NetBanking,IRCTC,Travel,Approved,BR135
e100801,2026-04-08,Hyderabad,C41993,RuPay,Shopping,Male,1985.8,Credit,Swiggy,E-commerce,Declined,BR139
e100802,2026-02-13,Hyderabad,C39623,MasterCard,Shopping,Male,10313.88,UPI,DMart,Food,Approved,BR130
e100803,2026-01-20,Mumbai,C11508,RuPay,Travel,Male,7161.02,NetBanking,HPCL,Travel,Declined,BR120
e100804,2026-06-02,Kolkata,C22803,Visa,Utilities,Female,14787.28,Credit,Reliance,Retail,Declined,BR108
e100805,2026-04-16,Vizag,C72269,MasterCard,Dining,Male,8207.45,NetBanking,IOCL,Travel,Declined,BR113
e100806,2026-06-27,Chennai,C10570,RuPay,Travel,Male,11537.34,UPI,IOCL,Fuel,Approved,BR138
e100807,2026-04-19,Delhi,C75162,Amex,Travel,Male,9387.08,Credit,Swiggy,Travel,Approved,BR126
e100808,2026-06-29,Mumbai,C34708,Amex,Shopping,Male,1958.58,NetBanking,Reliance,Food,Approved,BR120
e100809,2026-06-16,Kolkata,C49122,RuPay,Utilities,Male,10646.26,Credit,Amazon,Retail,Declined,BR115
e100810,2026-04-07,Delhi,C40108,RuPay,Travel,Female,11230.69,Credit,IOCL,E-commerce,Declined,BR139
e100811,2026-05-15,Hyderabad,C58140,Amex,Groceries,Female,13651.61,UPI,Swiggy,Travel,Declined,BR130
e100812,2026-05-23,Bengaluru,C26516,RuPay,Dining,Male,16816.2,UPI,HPCL,E-commerce,Approved,BR131
e100813,2026-05-02,Chennai,C84401,Visa,Shopping,Male,14742.58,Credit,DMart,Fuel,Approved,BR107
e100814,2026-02-18,Pune,C57787,Visa,Fuel,Male,19215.53,Credit,Amazon,Utilities,Approved,BR131
e100815,2026-02-13,Pune,C48714,MasterCard,Shopping,Female,19065.42,UPI,Swiggy,Travel,Declined,BR102
e100816,2026-05-04,Kolkata,C96626,Amex,Utilities,Male,22321.88,UPI,Reliance,Travel,Declined,BR103
e100817,2026-05-05,Mumbai,C49700,Amex,Fuel,Female,8804.29,Credit,Swiggy,E-commerce,Declined,BR114
e100818,2026-06-05,Delhi,C33226,RuPay,Travel,Male,14756.4,Credit,IRCTC,E-commerce,Approved,BR105
e100819,2026-06-09,Pune,C32224,MasterCard,Shopping,Female,24996.76,NetBanking,Reliance,Travel,Declined,BR106
e100820,2026-01-26,Pune,C31927,Amex,Dining,Male,17744.15,UPI,HPCL,E-commerce,Approved,BR138
e100821,2026-03-15,Pune,C15487,MasterCard,Shopping,Female,20689.16,Credit,Amazon,Food,Declined,BR120
e100822,2026-05-28,Pune,C36183,Amex,Shopping,Male,4743.57,NetBanking,HPCL,Fuel,Approved,BR101
e100823,2026-02-16,Kolkata,C85895,Amex,Fuel,Male,19647.49,UPI,Zomato,Utilities,Approved,BR118
e100824,2026-02-24,Pune,C32612,RuPay,Shopping,Male,23123.69,UPI,Zomato,Fuel,Declined,BR105
e100825,2026-03-23,Hyderabad,C17436,RuPay,Groceries,Female,16099.29,UPI,Amazon,Travel,Declined,BR124
e100826,2026-01-16,Mumbai,C46944,Visa,Travel,Male,17157.76,NetBanking,Swiggy,E-commerce,Approved,BR141
e100827,2026-03-14,Pune,C80241,MasterCard,Shopping,Female,844.1,NetBanking,Reliance,Utilities,Approved,BR104
e100828,2026-04-15,Hyderabad,C77973,Amex,Groceries,Female,23401.01,Credit,DMart,Retail,Approved,BR116
e100829,2026-02-28,Hyderabad,C69814,Visa,Utilities,Female,14912.63,Credit,DMart,Travel,Declined,BR145
e100830,2026-06-25,Hyderabad,C56027,Amex,Shopping,Female,5833.06,NetBanking,Reliance,Food,Approved,BR149
e100831,2026-05-25,Hyderabad,C19110,RuPay,Shopping,Female,21770.0,UPI,Swiggy,E-commerce,Approved,BR135
e100832,2026-05-31,Delhi,C74244,RuPay,Dining,Male,17788.85,Credit,HPCL,Fuel,Approved,BR108
e100833,2026-02-25,Chennai,C39549,RuPay,Dining,Male,18333.0,Credit,HPCL,E-commerce,Approved,BR112
e100834,2026-05-08,Chennai,C92359,Amex,Travel,Female,9514.06,Credit,Reliance,E-commerce,Approved,BR143
e100835,2026-02-05,Bengaluru,C17553,Amex,Shopping,Female,5220.74,NetBanking,IOCL,Retail,Declined,BR121
e100836,2026-01-14,Delhi,C63751,RuPay,Shopping,Female,12961.27,Credit,HPCL,Utilities,Declined,BR108
e100837,2026-03-01,Pune,C81092,Amex,Travel,Male,5321.37,UPI,IRCTC,E-commerce,Declined,BR106
e100838,2026-02-03,Vizag,C69640,Amex,Utilities,Male,13748.24,NetBanking,DMart,Retail,Declined,BR126
e100839,2026-04-10,Chennai,C41383,Visa,Utilities,Male,9457.35,UPI,Zomato,E-commerce,Approved,BR120
e100840,2026-02-03,Kolkata,C73794,Amex,Utilities,Male,11300.52,Credit,IOCL,Utilities,Declined,BR104
e100841,2026-04-14,Delhi,C80474,Amex,Fuel,Male,4511.16,UPI,HPCL,Retail,Declined,BR120
e100842,2026-02-03,Vizag,C73496,RuPay,Groceries,Female,21103.98,UPI,Zomato,Fuel,Approved,BR133
e100843,2026-05-26,Kolkata,C29920,Visa,Shopping,Male,8593.38,Credit,Swiggy,Fuel,Approved,BR138
e100844,2026-04-08,Bengaluru,C60610,Visa,Utilities,Male,20519.1,UPI,IOCL,Fuel,Approved,BR128
e100845,2026-05-13,Chennai,C39253,MasterCard,Travel,Female,11633.29,UPI,Reliance,Utilities,Approved,BR108
e100846,2026-06-05,Chennai,C15612,Amex,Dining,Male,21543.71,UPI,HPCL,Retail,Declined,BR134
e100847,2026-06-04,Delhi,C14547,RuPay,Groceries,Female,19357.03,UPI,Zomato,E-commerce,Approved,BR143
e100848,2026-04-11,Bengaluru,C19535,Amex,Groceries,Female,20598.45,UPI,Swiggy,E-commerce,Approved,BR150
e100849,2026-06-16,Hyderabad,C33191,RuPay,Shopping,Male,11589.46,Credit,IOCL,E-commerce,Approved,BR138
e100850,2026-06-14,Chennai,C31297,Amex,Travel,Male,4198.33,NetBanking,IOCL,Utilities,Approved,BR114
e100851,2026-04-11,Bengaluru,C34561,Visa,Travel,Female,14531.88,NetBanking,HPCL,Food,Declined,BR118
e100852,2026-04-29,Kolkata,C96790,Amex,Groceries,Male,7708.74,UPI,Swiggy,Food,Declined,BR141
e100853,2026-02-19,Hyderabad,C80816,RuPay,Shopping,Male,1072.5,NetBanking,DMart,Retail,Approved,BR137
e100854,2026-01-21,Delhi,C29144,MasterCard,Groceries,Female,20062.91,NetBanking,IRCTC,Utilities,Declined,BR136
e100855,2026-04-04,Hyderabad,C29601,Visa,Shopping,Male,5940.01,UPI,Swiggy,E-commerce,Approved,BR106
e100856,2026-02-28,Chennai,C92913,MasterCard,Travel,Female,11826.08,NetBanking,IRCTC,Retail,Declined,BR136
e100857,2026-06-01,Mumbai,C72662,Visa,Shopping,Female,5027.03,NetBanking,Reliance,Fuel,Declined,BR119
e100858,2026-02-04,Delhi,C94839,Amex,Dining,Male,2297.83,Credit,IRCTC,Retail,Approved,BR124
e100859,2026-05-21,Bengaluru,C52448,RuPay,Groceries,Female,14515.24,UPI,Amazon,E-commerce,Approved,BR115
e100860,2026-06-09,Kolkata,C77364,RuPay,Dining,Female,5909.62,UPI,IOCL,E-commerce,Declined,BR124
e100861,2026-05-23,Bengaluru,C50509,MasterCard,Utilities,Female,16383.88,UPI,HPCL,Travel,Approved,BR109
e100862,2026-02-01,Delhi,C16384,RuPay,Utilities,Male,22445.03,UPI,IRCTC,Retail,Declined,BR116
e100863,2026-03-01,Pune,C16854,MasterCard,Dining,Male,10122.2,Credit,IRCTC,Food,Approved,BR125
e100864,2026-04-27,Vizag,C60336,MasterCard,Fuel,Male,4503.79,Credit,Swiggy,Retail,Approved,BR147
e100865,2026-02-08,Vizag,C55331,Visa,Utilities,Female,16292.27,NetBanking,IOCL,E-commerce,Declined,BR146
e100866,2026-03-15,Chennai,C91582,Amex,Dining,Male,24128.64,UPI,IOCL,E-commerce,Approved,BR145
e100867,2026-05-08,Mumbai,C81207,Amex,Groceries,Female,22722.69,NetBanking,IOCL,Retail,Approved,BR103
e100868,2026-04-01,Pune,C92842,MasterCard,Fuel,Female,2032.73,NetBanking,IOCL,E-commerce,Approved,BR123
e100869,2026-05-04,Kolkata,C70583,MasterCard,Shopping,Male,15366.57,UPI,Amazon,Travel,Approved,BR132
e100870,2026-04-26,Bengaluru,C19197,MasterCard,Shopping,Male,17684.31,UPI,IRCTC,E-commerce,Declined,BR116
e100871,2026-06-14,Vizag,C84217,Visa,Travel,Male,14515.7,Credit,Zomato,Utilities,Declined,BR125
e100872,2026-05-08,Pune,C21317,MasterCard,Shopping,Male,20742.45,UPI,Swiggy,Travel,Approved,BR107
e100873,2026-06-09,Mumbai,C42856,RuPay,Travel,Female,4171.52,UPI,IOCL,Travel,Declined,BR105
e100874,2026-03-23,Delhi,C11483,Visa,Dining,Male,1191.63,UPI,Swiggy,E-commerce,Approved,BR133
e100875,2026-01-13,Chennai,C12874,RuPay,Travel,Female,22578.51,Credit,Swiggy,E-commerce,Approved,BR142
e100876,2026-04-17,Vizag,C99876,RuPay,Groceries,Male,3462.44,Credit,DMart,Utilities,Approved,BR106
e100877,2026-01-05,Kolkata,C94250,RuPay,Groceries,Male,3894.77,Credit,IRCTC,Retail,Approved,BR137
e100878,2026-01-04,Delhi,C31796,RuPay,Travel,Male,7039.54,Credit,HPCL,E-commerce,Declined,BR145
e100879,2026-05-29,Chennai,C92773,MasterCard,Groceries,Male,15414.01,Credit,Zomato,Retail,Declined,BR108
e100880,2026-05-21,Bengaluru,C61549,Visa,Shopping,Male,21064.42,Credit,IOCL,Travel,Declined,BR102
e100881,2026-01-30,Hyderabad,C70152,RuPay,Groceries,Male,18376.99,Credit,IOCL,Retail,Declined,BR120
e100882,2026-01-30,Bengaluru,C73186,Visa,Utilities,Male,3587.0,Credit,IRCTC,Retail,Approved,BR150
e100883,2026-04-20,Pune,C25704,Visa,Dining,Male,3769.02,Credit,Zomato,Travel,Approved,BR129
e100884,2026-05-03,Kolkata,C92009,RuPay,Fuel,Female,19388.06,Credit,Zomato,E-commerce,Approved,BR125
e100885,2026-05-12,Kolkata,C85681,Amex,Travel,Female,10940.07,UPI,IOCL,Travel,Approved,BR141
e100886,2026-02-04,Hyderabad,C38612,RuPay,Groceries,Female,6763.47,NetBanking,HPCL,Travel,Approved,BR116
e100887,2026-03-14,Delhi,C21673,Amex,Shopping,Male,1292.71,UPI,DMart,Utilities,Approved,BR143
e100888,2026-01-18,Hyderabad,C69167,Visa,Travel,Male,19097.97,NetBanking,Reliance,Utilities,Approved,BR124
e100889,2026-05-17,Kolkata,C96233,Visa,Utilities,Female,3965.05,Credit,DMart,Utilities,Approved,BR134
e100890,2026-01-06,Kolkata,C89861,RuPay,Utilities,Female,12407.72,Credit,Swiggy,E-commerce,Declined,BR133
e100891,2026-01-23,Kolkata,C49455,Visa,Shopping,Female,6911.48,Credit,Zomato,Food,Declined,BR119
e100892,2026-06-19,Chennai,C36600,RuPay,Groceries,Male,5042.84,NetBanking,DMart,E-commerce,Declined,BR111
e100893,2026-04-13,Delhi,C72277,RuPay,Shopping,Male,18396.39,UPI,HPCL,Utilities,Declined,BR143
e100894,2026-03-30,Vizag,C34971,Visa,Travel,Female,19292.66,Credit,Amazon,Travel,Declined,BR127
e100895,2026-05-03,Bengaluru,C66216,Amex,Groceries,Female,18102.76,Credit,Reliance,Travel,Approved,BR106
e100896,2026-05-05,Chennai,C25689,Visa,Travel,Female,13561.39,Credit,Reliance,Food,Approved,BR133
e100897,2026-01-26,Pune,C55926,RuPay,Fuel,Male,9144.49,UPI,IRCTC,Fuel,Declined,BR147
e100898,2026-02-23,Bengaluru,C92231,MasterCard,Travel,Female,16460.26,UPI,HPCL,Utilities,Declined,BR130
e100899,2026-06-08,Kolkata,C99672,MasterCard,Travel,Male,11132.26,Credit,DMart,Travel,Declined,BR143
e100900,2026-06-29,Chennai,C10763,Visa,Shopping,Female,12588.69,Credit,IOCL,Travel,Approved,BR131
e100901,2026-06-03,Delhi,C25781,Amex,Utilities,Female,5454.62,NetBanking,Reliance,Food,Approved,BR142
e100902,2026-02-08,Bengaluru,C41210,Amex,Fuel,Female,9390.64,NetBanking,DMart,Fuel,Approved,BR147
e100903,2026-02-06,Chennai,C70103,RuPay,Shopping,Female,1946.12,UPI,DMart,Retail,Approved,BR149
e100904,2026-03-27,Kolkata,C86972,Visa,Fuel,Female,2614.39,Credit,HPCL,Food,Declined,BR124
e100905,2026-06-27,Delhi,C90211,Amex,Dining,Male,21737.5,Credit,IOCL,E-commerce,Declined,BR109
e100906,2026-01-10,Hyderabad,C49887,RuPay,Dining,Male,8465.72,NetBanking,Swiggy,Retail,Declined,BR147
e100907,2026-04-27,Bengaluru,C53495,MasterCard,Shopping,Male,16088.49,UPI,Swiggy,Utilities,Approved,BR118
e100908,2026-04-21,Chennai,C33958,Amex,Dining,Female,199.71,NetBanking,DMart,Travel,Approved,BR125
e100909,2026-05-03,Kolkata,C32941,RuPay,Dining,Male,3969.62,Credit,Amazon,E-commerce,Approved,BR132
e100910,2026-06-02,Delhi,C53121,Amex,Dining,Female,9114.09,Credit,IOCL,Food,Declined,BR118
e100911,2026-01-28,Delhi,C88583,Amex,Groceries,Female,10924.46,UPI,Zomato,Food,Declined,BR145
e100912,2026-05-26,Delhi,C26078,MasterCard,Utilities,Female,2878.09,UPI,IRCTC,E-commerce,Declined,BR127
e100913,2026-06-21,Bengaluru,C74670,RuPay,Groceries,Female,24862.94,UPI,IRCTC,Retail,Approved,BR132
e100914,2026-06-04,Hyderabad,C11828,MasterCard,Dining,Female,22351.15,Credit,Amazon,Fuel,Approved,BR144
e100915,2026-03-24,Pune,C83292,RuPay,Shopping,Female,23803.17,NetBanking,Zomato,Travel,Approved,BR118
e100916,2026-05-15,Vizag,C93829,MasterCard,Fuel,Female,11416.97,Credit,Amazon,Utilities,Approved,BR141
e100917,2026-05-13,Kolkata,C38122,Visa,Fuel,Male,22462.07,UPI,IOCL,Travel,Declined,BR103
e100918,2026-03-10,Kolkata,C76604,MasterCard,Fuel,Male,22101.81,UPI,HPCL,Food,Declined,BR136
e100919,2026-06-30,Mumbai,C15120,Visa,Dining,Female,1141.44,NetBanking,IRCTC,Travel,Declined,BR120
e100920,2026-05-01,Delhi,C66884,RuPay,Groceries,Male,19531.59,Credit,Amazon,Fuel,Approved,BR140
e100921,2026-02-15,Pune,C66940,Visa,Groceries,Male,5025.9,NetBanking,IOCL,Travel,Declined,BR126
e100922,2026-04-22,Bengaluru,C15177,RuPay,Fuel,Female,13534.24,Credit,Zomato,Utilities,Approved,BR121
e100923,2026-02-26,Chennai,C35972,RuPay,Fuel,Female,13575.99,NetBanking,HPCL,Travel,Approved,BR141
e100924,2026-03-07,Pune,C86002,Visa,Travel,Female,19819.13,UPI,DMart,Food,Declined,BR133
e100925,2026-01-15,Pune,C67504,Visa,Utilities,Female,5646.31,UPI,Swiggy,Fuel,Approved,BR144
e100926,2026-02-15,Chennai,C92767,RuPay,Travel,Female,5752.21,NetBanking,Amazon,E-commerce,Declined,BR125
e100927,2026-06-08,Delhi,C63789,Amex,Dining,Female,16767.05,UPI,Amazon,Travel,Declined,BR118
e100928,2026-01-23,Kolkata,C63175,MasterCard,Utilities,Female,8670.31,NetBanking,Zomato,E-commerce,Declined,BR131
e100929,2026-02-12,Pune,C27511,Visa,Groceries,Male,9698.56,Credit,DMart,Utilities,Approved,BR122
e100930,2026-02-06,Kolkata,C63673,MasterCard,Dining,Female,4924.51,NetBanking,Amazon,Utilities,Approved,BR134
e100931,2026-02-23,Vizag,C26810,Visa,Dining,Male,4402.93,Credit,IRCTC,Food,Declined,BR102
e100932,2026-04-29,Chennai,C29667,MasterCard,Travel,Male,21468.05,NetBanking,Reliance,Utilities,Approved,BR103
e100933,2026-05-15,Mumbai,C47758,RuPay,Utilities,Male,13670.51,UPI,Amazon,Retail,Approved,BR142
e100934,2026-06-09,Bengaluru,C43542,Visa,Groceries,Female,22325.39,NetBanking,IRCTC,Utilities,Declined,BR111
e100935,2026-02-17,Kolkata,C60553,RuPay,Utilities,Female,13184.46,NetBanking,DMart,Retail,Approved,BR125
e100936,2026-03-11,Mumbai,C39895,Amex,Travel,Female,1957.92,NetBanking,HPCL,Retail,Approved,BR143
e100937,2026-06-13,Mumbai,C32288,Amex,Groceries,Male,2230.2,NetBanking,Swiggy,Utilities,Approved,BR121
e100938,2026-05-19,Chennai,C61887,Visa,Travel,Female,18957.84,NetBanking,DMart,Utilities,Approved,BR139
e100939,2026-01-25,Mumbai,C15989,MasterCard,Shopping,Female,8316.78,NetBanking,HPCL,Food,Declined,BR145
e100940,2026-06-03,Bengaluru,C15249,Amex,Groceries,Male,6225.61,UPI,Swiggy,Food,Approved,BR128
e100941,2026-01-10,Vizag,C72579,Amex,Groceries,Female,10218.33,UPI,Swiggy,Fuel,Declined,BR145
e100942,2026-06-14,Vizag,C92876,RuPay,Shopping,Female,1500.31,NetBanking,HPCL,Fuel,Approved,BR135
e100943,2026-04-22,Delhi,C99060,RuPay,Utilities,Female,22300.32,UPI,Amazon,Fuel,Declined,BR119
e100944,2026-03-07,Delhi,C72636,RuPay,Travel,Male,9436.33,UPI,Amazon,Utilities,Approved,BR138
e100945,2026-06-01,Vizag,C75472,RuPay,Utilities,Male,11564.95,Credit,IRCTC,Travel,Approved,BR104
e100946,2026-06-28,Pune,C69839,Amex,Utilities,Female,13504.19,Credit,HPCL,Retail,Declined,BR106
e100947,2026-06-20,Kolkata,C40471,Amex,Shopping,Male,566.33,UPI,HPCL,Fuel,Declined,BR103
e100948,2026-03-17,Mumbai,C44060,RuPay,Fuel,Male,18779.74,Credit,IRCTC,Food,Declined,BR104
e100949,2026-04-17,Kolkata,C84116,Visa,Dining,Female,3434.08,Credit,Swiggy,Retail,Declined,BR142
e100950,2026-04-15,Chennai,C99561,MasterCard,Shopping,Female,13979.13,Credit,DMart,E-commerce,Declined,BR124
e100951,2026-01-05,Chennai,C41744,Visa,Shopping,Female,7306.03,UPI,HPCL,Travel,Approved,BR124
e100952,2026-02-22,Delhi,C14364,RuPay,Travel,Male,19563.96,Credit,Reliance,Utilities,Declined,BR134
e100953,2026-01-12,Vizag,C83756,Amex,Shopping,Male,6789.93,UPI,Amazon,Utilities,Declined,BR109
e100954,2026-06-19,Chennai,C96984,RuPay,Dining,Male,12165.33,NetBanking,Amazon,Travel,Approved,BR142
e100955,2026-03-02,Mumbai,C71976,Visa,Fuel,Female,4838.49,UPI,Zomato,Travel,Approved,BR116
e100956,2026-05-31,Pune,C45232,RuPay,Travel,Female,14287.16,UPI,Reliance,Utilities,Declined,BR141
e100957,2026-05-29,Kolkata,C47928,MasterCard,Travel,Female,15016.5,Credit,Reliance,Utilities,Approved,BR134
e100958,2026-05-30,Mumbai,C71514,RuPay,Dining,Female,6591.13,NetBanking,HPCL,Travel,Approved,BR124
e100959,2026-02-20,Chennai,C58055,RuPay,Fuel,Female,1152.43,UPI,HPCL,Travel,Declined,BR107
e100960,2026-03-22,Kolkata,C55546,Visa,Groceries,Male,4385.32,NetBanking,Amazon,E-commerce,Declined,BR128
e100961,2026-01-29,Bengaluru,C51347,MasterCard,Shopping,Female,19212.28,UPI,Amazon,Retail,Declined,BR114
e100962,2026-04-17,Vizag,C58263,Amex,Travel,Male,14505.45,Credit,Swiggy,Food,Declined,BR135
e100963,2026-06-06,Delhi,C18241,RuPay,Fuel,Male,22764.57,Credit,Reliance,Retail,Approved,BR121
e100964,2026-06-04,Pune,C74941,RuPay,Fuel,Male,4134.47,UPI,DMart,Fuel,Declined,BR109
e100965,2026-03-26,Kolkata,C94409,Visa,Shopping,Male,4952.05,UPI,IRCTC,Retail,Declined,BR126
e100966,2026-03-20,Vizag,C78570,Amex,Groceries,Female,18857.3,Credit,Swiggy,E-commerce,Declined,BR146
e100967,2026-04-06,Pune,C44608,MasterCard,Groceries,Male,18224.46,UPI,Reliance,Fuel,Declined,BR106
e100968,2026-01-03,Chennai,C71876,Amex,Travel,Male,5795.94,Credit,DMart,Utilities,Declined,BR137
e100969,2026-01-19,Delhi,C57001,MasterCard,Utilities,Female,6600.05,Credit,Zomato,Travel,Approved,BR114
e100970,2026-04-01,Delhi,C16714,MasterCard,Dining,Female,18514.2,UPI,DMart,Fuel,Declined,BR131
e100971,2026-03-09,Bengaluru,C47114,RuPay,Groceries,Female,22480.43,Credit,IOCL,Fuel,Declined,BR148
e100972,2026-01-13,Chennai,C14534,RuPay,Fuel,Male,8833.09,Credit,Swiggy,Travel,Declined,BR144
e100973,2026-06-28,Kolkata,C46485,Amex,Fuel,Male,15428.39,UPI,DMart,E-commerce,Approved,BR103
e100974,2026-01-24,Delhi,C51795,Visa,Dining,Male,10084.39,NetBanking,DMart,Travel,Approved,BR141
e100975,2026-05-08,Chennai,C84655,Visa,Shopping,Female,1640.41,UPI,DMart,Travel,Declined,BR122
e100976,2026-06-05,Delhi,C77378,MasterCard,Groceries,Male,3923.28,UPI,HPCL,Travel,Declined,BR128
e100977,2026-03-10,Bengaluru,C14148,MasterCard,Travel,Female,3937.82,UPI,Swiggy,E-commerce,Declined,BR144
e100978,2026-03-06,Vizag,C19034,MasterCard,Fuel,Male,17891.35,Credit,Zomato,Food,Approved,BR126
e100979,2026-04-09,Mumbai,C19748,Visa,Groceries,Male,2452.24,Credit,IRCTC,Utilities,Declined,BR149
e100980,2026-01-01,Mumbai,C53115,Visa,Travel,Female,12177.57,UPI,IRCTC,Utilities,Declined,BR105
e100981,2026-03-09,Chennai,C18885,MasterCard,Utilities,Female,15455.86,Credit,Zomato,Food,Declined,BR137
e100982,2026-01-22,Pune,C14521,RuPay,Fuel,Female,10225.43,NetBanking,HPCL,Fuel,Approved,BR123
e100983,2026-05-03,Mumbai,C67407,RuPay,Dining,Female,23550.94,NetBanking,Amazon,Retail,Declined,BR102
e100984,2026-06-11,Vizag,C94376,MasterCard,Groceries,Male,1092.71,UPI,DMart,Travel,Declined,BR103
e100985,2026-04-07,Hyderabad,C63797,Visa,Fuel,Female,7217.01,NetBanking,Reliance,Food,Approved,BR134
e100986,2026-02-16,Hyderabad,C12162,Amex,Utilities,Female,17523.09,NetBanking,HPCL,Fuel,Declined,BR106
e100987,2026-05-17,Hyderabad,C17551,Amex,Travel,Female,12053.48,Credit,Amazon,Food,Declined,BR107
e100988,2026-03-14,Chennai,C13771,Visa,Utilities,Female,4396.2,NetBanking,IOCL,Fuel,Declined,BR123
e100989,2026-04-29,Mumbai,C80733,MasterCard,Travel,Male,5825.82,Credit,IRCTC,Fuel,Approved,BR119
e100990,2026-03-15,Hyderabad,C58010,RuPay,Travel,Female,13714.86,Credit,Zomato,Fuel,Declined,BR109
e100991,2026-01-13,Bengaluru,C81173,Visa,Travel,Male,12845.31,NetBanking,Reliance,Fuel,Declined,BR133
e100992,2026-02-04,Mumbai,C64180,Visa,Fuel,Female,11417.89,NetBanking,HPCL,Food,Declined,BR121
e100993,2026-01-25,Chennai,C97002,RuPay,Fuel,Female,22937.41,NetBanking,Swiggy,Retail,Approved,BR113
e100994,2026-06-18,Chennai,C23301,Visa,Travel,Male,14418.31,Credit,Swiggy,Utilities,Declined,BR139
e100995,2026-01-04,Kolkata,C43383,RuPay,Groceries,Male,19874.84,UPI,DMart,Food,Declined,BR146
e100996,2026-01-09,Chennai,C75809,Visa,Fuel,Female,20393.21,UPI,Amazon,Retail,Approved,BR101
e100997,2026-01-04,Chennai,C43691,Amex,Fuel,Female,20790.49,Credit,IOCL,Retail,Approved,BR141
e100998,2026-04-26,Delhi,C84335,MasterCard,Utilities,Female,9482.5,Credit,Zomato,Retail,Approved,BR126
e100999,2026-02-22,Bengaluru,C23242,MasterCard,Groceries,Male,1106.25,Credit,Amazon,Utilities,Declined,BR121
e101000,2026-05-21,Bengaluru,C13714,Amex,Dining,Male,13603.02,NetBanking,IRCTC,Food,Approved,BR141
e101001,2026-06-15,Chennai,C88972,Visa,Shopping,Female,2929.71,Credit,Zomato,Food,Declined,BR125
e101002,2026-02-09,Delhi,C75004,MasterCard,Utilities,Female,17375.52,NetBanking,DMart,Fuel,Approved,BR121
e101003,2026-05-13,Bengaluru,C53079,RuPay,Shopping,Female,19664.94,Credit,Amazon,Retail,Approved,BR140
e101004,2026-01-13,Chennai,C67537,Amex,Groceries,Male,9732.82,Credit,HPCL,Travel,Declined,BR104
e101005,2026-04-07,Mumbai,C48923,Visa,Fuel,Male,5047.96,Credit,Swiggy,Fuel,Declined,BR121
e101006,2026-03-20,Delhi,C93628,Amex,Groceries,Male,14229.82,NetBanking,HPCL,Fuel,Declined,BR125
e101007,2026-02-23,Mumbai,C83947,RuPay,Dining,Male,5807.86,Credit,DMart,Utilities,Declined,BR132
e101008,2026-04-06,Vizag,C61472,MasterCard,Utilities,Female,5346.0,Credit,DMart,E-commerce,Declined,BR106
e101009,2026-06-13,Bengaluru,C38130,Visa,Groceries,Female,7680.03,UPI,IOCL,Travel,Declined,BR141
e101010,2026-06-07,Pune,C64872,MasterCard,Shopping,Female,9369.23,UPI,IRCTC,Travel,Approved,BR145
e101011,2026-05-12,Kolkata,C64766,Visa,Shopping,Male,17567.71,NetBanking,DMart,E-commerce,Approved,BR126
e101012,2026-06-08,Pune,C74479,MasterCard,Groceries,Male,8229.58,Credit,IRCTC,Utilities,Declined,BR136
e101013,2026-06-22,Hyderabad,C95452,RuPay,Groceries,Female,15685.9,NetBanking,Zomato,Food,Approved,BR121
e101014,2026-03-14,Mumbai,C10518,MasterCard,Utilities,Male,19598.63,UPI,Swiggy,Travel,Approved,BR101
e101015,2026-03-20,Bengaluru,C82189,Visa,Travel,Female,22822.76,NetBanking,Reliance,Utilities,Approved,BR142
e101016,2026-01-31,Kolkata,C10138,Visa,Shopping,Male,17887.15,Credit,Amazon,Utilities,Approved,BR120
e101017,2026-04-30,Vizag,C42430,Visa,Shopping,Female,1762.65,UPI,DMart,Retail,Declined,BR106
e101018,2026-06-17,Mumbai,C80328,MasterCard,Shopping,Female,7084.45,NetBanking,Zomato,Fuel,Declined,BR148
e101019,2026-02-02,Mumbai,C74859,RuPay,Travel,Male,4187.5,UPI,IRCTC,Travel,Approved,BR118
e101020,2026-04-07,Delhi,C82121,MasterCard,Fuel,Male,7416.6,NetBanking,Amazon,Fuel,Approved,BR137
e101021,2026-01-05,Pune,C94935,MasterCard,Utilities,Female,22736.56,UPI,HPCL,Fuel,Approved,BR112
e101022,2026-05-09,Hyderabad,C33021,MasterCard,Travel,Female,14433.83,Credit,HPCL,E-commerce,Declined,BR134
e101023,2026-06-26,Vizag,C46344,RuPay,Groceries,Male,13695.56,UPI,Swiggy,Travel,Approved,BR130
e101024,2026-06-18,Mumbai,C69700,Visa,Fuel,Male,19272.3,NetBanking,Zomato,Utilities,Declined,BR126
e101025,2026-01-22,Chennai,C80720,MasterCard,Fuel,Female,21578.84,UPI,IRCTC,Travel,Declined,BR106
e101026,2026-05-16,Bengaluru,C18916,Amex,Dining,Female,20326.66,UPI,Reliance,Food,Approved,BR101
e101027,2026-05-17,Bengaluru,C14044,Amex,Travel,Male,14229.11,NetBanking,Zomato,E-commerce,Approved,BR118
e101028,2026-02-28,Kolkata,C66672,MasterCard,Groceries,Female,6844.48,UPI,Amazon,Utilities,Declined,BR126
e101029,2026-05-27,Delhi,C52447,Amex,Travel,Female,1915.6,UPI,HPCL,Food,Approved,BR119
e101030,2026-06-13,Hyderabad,C59205,MasterCard,Travel,Male,11555.1,NetBanking,DMart,Retail,Declined,BR107
e101031,2026-05-20,Mumbai,C18735,MasterCard,Groceries,Male,16981.18,NetBanking,Zomato,E-commerce,Approved,BR125
e101032,2026-05-17,Mumbai,C56537,MasterCard,Fuel,Female,8596.24,UPI,Zomato,E-commerce,Declined,BR116
e101033,2026-03-16,Vizag,C36896,MasterCard,Travel,Female,5350.17,NetBanking,Amazon,Food,Approved,BR147
e101034,2026-02-28,Bengaluru,C95247,Amex,Travel,Male,6411.11,Credit,DMart,Utilities,Approved,BR148
e101035,2026-05-13,Hyderabad,C90976,RuPay,Dining,Male,17024.43,NetBanking,Swiggy,Retail,Approved,BR140
e101036,2026-03-31,Bengaluru,C94810,Amex,Dining,Female,21693.84,UPI,IRCTC,Food,Approved,BR142
e101037,2026-01-16,Chennai,C39177,RuPay,Travel,Male,4821.92,Credit,IRCTC,E-commerce,Declined,BR123
e101038,2026-05-08,Hyderabad,C34202,RuPay,Fuel,Female,19336.19,NetBanking,DMart,Utilities,Approved,BR109
e101039,2026-04-15,Bengaluru,C25671,MasterCard,Groceries,Female,5909.37,NetBanking,Reliance,E-commerce,Approved,BR139
e101040,2026-04-22,Hyderabad,C23823,RuPay,Fuel,Female,23132.0,Credit,Swiggy,Travel,Declined,BR119
e101041,2026-06-25,Vizag,C59386,MasterCard,Groceries,Male,5189.95,Credit,IOCL,Utilities,Approved,BR103
e101042,2026-06-04,Bengaluru,C68063,MasterCard,Fuel,Male,24586.23,NetBanking,Amazon,Fuel,Declined,BR121
e101043,2026-04-05,Hyderabad,C27128,RuPay,Travel,Male,19810.83,NetBanking,HPCL,Utilities,Declined,BR122
e101044,2026-04-22,Bengaluru,C59071,RuPay,Utilities,Male,11128.17,Credit,Amazon,Retail,Approved,BR118
e101045,2026-01-31,Bengaluru,C96739,MasterCard,Travel,Male,19700.25,UPI,DMart,Travel,Declined,BR118
e101046,2026-05-05,Kolkata,C89644,Amex,Groceries,Female,7169.66,NetBanking,Amazon,Retail,Declined,BR144
e101047,2026-02-17,Delhi,C15020,Amex,Utilities,Male,5811.35,Credit,HPCL,E-commerce,Declined,BR130
e101048,2026-03-04,Bengaluru,C14317,Visa,Shopping,Male,19811.89,Credit,Swiggy,Travel,Approved,BR112
e101049,2026-02-14,Pune,C89475,Visa,Groceries,Female,17814.44,Credit,Swiggy,Travel,Declined,BR104
e101050,2026-01-21,Delhi,C88824,MasterCard,Fuel,Female,24650.15,Credit,IOCL,Utilities,Declined,BR140
e101051,2026-01-26,Chennai,C50364,RuPay,Travel,Male,5664.49,Credit,Zomato,Travel,Declined,BR134
e101052,2026-05-21,Chennai,C96355,Amex,Groceries,Female,1955.09,NetBanking,Reliance,Utilities,Declined,BR106
e101053,2026-01-30,Bengaluru,C78257,RuPay,Fuel,Male,2859.99,UPI,Amazon,Utilities,Approved,BR141
e101054,2026-01-14,Pune,C45031,RuPay,Travel,Female,489.74,UPI,Zomato,E-commerce,Approved,BR102
e101055,2026-03-25,Bengaluru,C92078,RuPay,Travel,Female,6554.2,Credit,Amazon,Retail,Declined,BR141
e101056,2026-01-06,Delhi,C10116,Visa,Fuel,Male,19041.46,UPI,HPCL,Food,Approved,BR111
e101057,2026-02-05,Delhi,C55718,Amex,Shopping,Female,12842.36,NetBanking,DMart,Utilities,Approved,BR116
e101058,2026-03-23,Delhi,C13327,RuPay,Dining,Female,15725.69,NetBanking,Reliance,Fuel,Approved,BR138
e101059,2026-06-05,Chennai,C75864,RuPay,Utilities,Male,13179.34,Credit,IRCTC,Food,Declined,BR131
e101060,2026-01-04,Vizag,C73067,MasterCard,Dining,Male,20936.38,NetBanking,DMart,E-commerce,Approved,BR142
e101061,2026-01-30,Vizag,C63061,MasterCard,Utilities,Female,16090.37,NetBanking,HPCL,Fuel,Approved,BR121
e101062,2026-06-13,Hyderabad,C15244,Visa,Utilities,Male,21041.27,Credit,Swiggy,E-commerce,Approved,BR112
e101063,2026-04-16,Pune,C24414,MasterCard,Travel,Male,12419.48,UPI,Reliance,Utilities,Declined,BR125
e101064,2026-03-08,Kolkata,C96365,RuPay,Utilities,Male,18211.05,NetBanking,Swiggy,Travel,Declined,BR142
e101065,2026-05-15,Hyderabad,C47447,Visa,Fuel,Male,23134.42,UPI,Zomato,Travel,Declined,BR150
e101066,2026-03-01,Kolkata,C43742,Visa,Shopping,Female,10308.18,UPI,Zomato,Travel,Declined,BR124
e101067,2026-02-27,Kolkata,C93211,Amex,Fuel,Male,22310.5,UPI,Amazon,E-commerce,Declined,BR111
e101068,2026-04-25,Hyderabad,C20384,Visa,Utilities,Male,5717.43,NetBanking,Swiggy,Utilities,Declined,BR115
e101069,2026-04-08,Pune,C83596,Visa,Groceries,Male,16184.42,UPI,DMart,Fuel,Declined,BR101
e101070,2026-02-17,Vizag,C62075,Amex,Dining,Female,19082.34,UPI,DMart,Utilities,Approved,BR126
e101071,2026-03-05,Bengaluru,C54298,Amex,Fuel,Male,15387.22,NetBanking,IRCTC,Retail,Declined,BR122
e101072,2026-05-17,Delhi,C62288,MasterCard,Dining,Male,23041.13,Credit,Swiggy,Utilities,Declined,BR118
e101073,2026-06-30,Kolkata,C45568,Visa,Shopping,Male,13269.94,Credit,Zomato,Food,Declined,BR114
e101074,2026-03-02,Chennai,C22790,Visa,Shopping,Male,2629.0,Credit,Amazon,Fuel,Approved,BR118
e101075,2026-06-06,Hyderabad,C60656,Amex,Dining,Female,9485.78,NetBanking,Amazon,Retail,Approved,BR105
e101076,2026-05-02,Pune,C63534,Visa,Fuel,Male,12922.98,NetBanking,Amazon,Utilities,Declined,BR147
e101077,2026-01-16,Kolkata,C29082,Amex,Dining,Female,19110.94,Credit,HPCL,Travel,Declined,BR105
e101078,2026-03-24,Delhi,C64070,Visa,Travel,Female,24648.19,UPI,IOCL,Retail,Declined,BR105
e101079,2026-05-12,Kolkata,C65108,Amex,Groceries,Male,6370.83,NetBanking,IOCL,Utilities,Declined,BR107
e101080,2026-01-25,Hyderabad,C39854,MasterCard,Fuel,Female,5443.6,Credit,IOCL,Travel,Approved,BR137
e101081,2026-05-09,Pune,C76266,Amex,Shopping,Female,22453.04,UPI,Amazon,E-commerce,Approved,BR126
e101082,2026-01-08,Chennai,C93597,RuPay,Shopping,Female,10569.51,UPI,DMart,E-commerce,Approved,BR150
e101083,2026-02-11,Mumbai,C36714,MasterCard,Dining,Male,10260.86,NetBanking,Amazon,E-commerce,Declined,BR136
e101084,2026-06-10,Bengaluru,C20325,Amex,Dining,Female,20678.64,Credit,Reliance,Utilities,Approved,BR113
e101085,2026-05-18,Mumbai,C45604,MasterCard,Utilities,Male,20708.63,NetBanking,Amazon,Food,Declined,BR135
e101086,2026-01-24,Mumbai,C21840,Visa,Fuel,Female,19761.12,NetBanking,IRCTC,E-commerce,Approved,BR131
e101087,2026-01-09,Mumbai,C24300,Visa,Fuel,Male,22047.82,UPI,IRCTC,Travel,Declined,BR128
e101088,2026-01-09,Bengaluru,C97651,Amex,Dining,Male,2113.87,NetBanking,HPCL,Food,Approved,BR145
e101089,2026-02-20,Kolkata,C97005,Visa,Utilities,Female,596.51,UPI,Swiggy,Retail,Approved,BR144
e101090,2026-04-10,Chennai,C86604,Visa,Travel,Female,2410.44,UPI,IOCL,Retail,Declined,BR108
e101091,2026-03-10,Delhi,C85853,Visa,Shopping,Female,13960.77,Credit,Zomato,Fuel,Declined,BR114
e101092,2026-05-21,Hyderabad,C23746,RuPay,Fuel,Male,14830.46,Credit,Reliance,Utilities,Declined,BR119
e101093,2026-01-04,Mumbai,C71035,RuPay,Travel,Female,1484.29,NetBanking,Amazon,Utilities,Approved,BR114
e101094,2026-01-28,Pune,C58441,RuPay,Travel,Male,6347.96,Credit,IRCTC,Travel,Declined,BR130
e101095,2026-05-25,Delhi,C72292,Amex,Dining,Female,24483.69,Credit,HPCL,Food,Approved,BR114
e101096,2026-02-04,Vizag,C47047,RuPay,Fuel,Female,11377.82,Credit,Amazon,Travel,Approved,BR139
e101097,2026-01-17,Pune,C35478,Visa,Fuel,Female,2698.42,NetBanking,IRCTC,Retail,Approved,BR125
e101098,2026-05-01,Mumbai,C79988,MasterCard,Dining,Female,21416.8,Credit,Zomato,Travel,Approved,BR143
e101099,2026-03-23,Mumbai,C95767,Visa,Dining,Male,4925.46,NetBanking,HPCL,Food,Approved,BR126
e101100,2026-01-27,Hyderabad,C84898,MasterCard,Utilities,Male,23821.96,Credit,DMart,Utilities,Approved,BR125
e101101,2026-05-10,Delhi,C13591,MasterCard,Shopping,Male,22437.56,UPI,Swiggy,Retail,Declined,BR113
e101102,2026-06-18,Bengaluru,C21781,Amex,Utilities,Male,23214.13,NetBanking,HPCL,Travel,Declined,BR124
e101103,2026-04-29,Vizag,C93682,Amex,Travel,Female,9722.44,NetBanking,Amazon,Food,Approved,BR140
e101104,2026-06-15,Hyderabad,C20535,Visa,Fuel,Female,13623.77,UPI,Amazon,Fuel,Approved,BR103
e101105,2026-01-28,Pune,C97395,MasterCard,Groceries,Male,12037.48,NetBanking,Amazon,Retail,Declined,BR127
e101106,2026-05-21,Delhi,C69250,Visa,Fuel,Female,11549.88,NetBanking,Swiggy,Travel,Declined,BR128
e101107,2026-01-19,Chennai,C92820,Amex,Dining,Female,4329.96,Credit,HPCL,Utilities,Approved,BR130
e101108,2026-01-14,Hyderabad,C88571,Visa,Fuel,Female,24497.11,UPI,IOCL,Utilities,Approved,BR138
e101109,2026-05-05,Vizag,C81235,RuPay,Groceries,Female,7959.38,NetBanking,IOCL,E-commerce,Approved,BR145
e101110,2026-04-14,Delhi,C67759,Visa,Travel,Male,8921.72,Credit,Swiggy,Utilities,Declined,BR139
e101111,2026-05-14,Vizag,C49452,Visa,Shopping,Female,15767.96,UPI,IRCTC,Food,Declined,BR136
e101112,2026-05-05,Mumbai,C88983,RuPay,Groceries,Female,9540.7,Credit,Zomato,Fuel,Approved,BR115
e101113,2026-06-24,Mumbai,C10696,RuPay,Utilities,Male,14763.64,Credit,IRCTC,Food,Approved,BR147
e101114,2026-05-03,Pune,C91647,MasterCard,Utilities,Female,23010.7,NetBanking,DMart,Travel,Declined,BR105
e101115,2026-05-31,Mumbai,C48010,RuPay,Groceries,Male,9869.49,UPI,Zomato,Utilities,Declined,BR131
e101116,2026-02-11,Mumbai,C27910,MasterCard,Dining,Male,16317.24,UPI,IOCL,Utilities,Approved,BR107
e101117,2026-03-06,Bengaluru,C87726,RuPay,Travel,Female,19670.16,UPI,Swiggy,Travel,Declined,BR116
e101118,2026-02-20,Vizag,C13317,Amex,Travel,Male,3472.77,NetBanking,Zomato,E-commerce,Approved,BR122
e101119,2026-02-17,Hyderabad,C59783,RuPay,Dining,Female,773.13,Credit,HPCL,Retail,Declined,BR120
e101120,2026-04-13,Bengaluru,C44118,Visa,Groceries,Male,12124.77,NetBanking,Amazon,Utilities,Approved,BR118
e101121,2026-06-20,Hyderabad,C64982,Amex,Utilities,Female,19431.84,Credit,HPCL,E-commerce,Declined,BR150
e101122,2026-02-12,Bengaluru,C86646,Amex,Utilities,Male,9795.84,Credit,Amazon,Retail,Approved,BR103
e101123,2026-01-17,Delhi,C51926,Visa,Travel,Male,18867.29,UPI,Reliance,Retail,Approved,BR134
e101124,2026-01-21,Delhi,C21031,RuPay,Travel,Female,23392.43,Credit,Zomato,Retail,Approved,BR105
e101125,2026-06-22,Vizag,C45787,Amex,Fuel,Female,21540.52,NetBanking,Amazon,Fuel,Declined,BR146
e101126,2026-04-16,Delhi,C19902,Amex,Travel,Male,7239.37,UPI,Zomato,Fuel,Declined,BR140
e101127,2026-04-28,Pune,C21974,RuPay,Groceries,Male,358.25,Credit,Reliance,Utilities,Approved,BR140
e101128,2026-05-03,Pune,C65129,Visa,Dining,Male,10369.26,NetBanking,HPCL,Food,Approved,BR126
e101129,2026-02-09,Chennai,C88629,Visa,Utilities,Female,22888.66,Credit,Amazon,Retail,Declined,BR122
e101130,2026-03-28,Chennai,C42598,MasterCard,Groceries,Female,23299.14,UPI,Amazon,E-commerce,Approved,BR122
e101131,2026-03-05,Mumbai,C27800,Amex,Fuel,Female,23661.65,UPI,IOCL,Food,Declined,BR148
e101132,2026-01-23,Kolkata,C37506,RuPay,Groceries,Male,888.58,NetBanking,HPCL,Fuel,Approved,BR124
e101133,2026-01-30,Delhi,C56871,RuPay,Utilities,Female,12841.93,Credit,HPCL,Retail,Declined,BR114
e101134,2026-01-17,Chennai,C92699,Amex,Fuel,Male,18085.51,Credit,IRCTC,Retail,Declined,BR119
e101135,2026-01-16,Delhi,C88975,MasterCard,Dining,Female,11191.42,UPI,IRCTC,Utilities,Declined,BR125
e101136,2026-05-01,Chennai,C67217,MasterCard,Dining,Male,9426.67,Credit,Swiggy,E-commerce,Approved,BR119
e101137,2026-02-26,Delhi,C18558,Visa,Fuel,Female,17837.3,Credit,Reliance,Fuel,Declined,BR148
e101138,2026-02-09,Pune,C16442,Amex,Dining,Male,15127.21,NetBanking,DMart,Fuel,Approved,BR120
e101139,2026-01-09,Mumbai,C38944,MasterCard,Shopping,Male,12518.63,NetBanking,Swiggy,E-commerce,Declined,BR150
e101140,2026-01-21,Hyderabad,C30314,RuPay,Utilities,Female,21560.16,NetBanking,DMart,Food,Approved,BR130
e101141,2026-06-02,Mumbai,C19013,Amex,Shopping,Female,22028.37,NetBanking,Swiggy,Utilities,Declined,BR114
e101142,2026-02-13,Vizag,C84789,Amex,Dining,Male,21579.98,Credit,Reliance,Travel,Approved,BR112
e101143,2026-04-09,Vizag,C61122,RuPay,Groceries,Male,19720.1,Credit,IRCTC,E-commerce,Approved,BR115
e101144,2026-05-27,Kolkata,C57255,Amex,Groceries,Female,21374.89,UPI,HPCL,Travel,Declined,BR133
e101145,2026-05-16,Pune,C14511,Visa,Dining,Male,16343.46,Credit,Swiggy,Fuel,Approved,BR111
e101146,2026-03-22,Chennai,C25785,MasterCard,Shopping,Male,4454.01,UPI,DMart,Food,Declined,BR129
e101147,2026-01-13,Delhi,C33443,MasterCard,Fuel,Female,24763.84,Credit,Zomato,Utilities,Declined,BR110
e101148,2026-03-06,Delhi,C53943,RuPay,Fuel,Male,15543.34,UPI,DMart,Fuel,Approved,BR147
e101149,2026-05-21,Hyderabad,C28106,RuPay,Travel,Male,8408.02,UPI,HPCL,Utilities,Approved,BR111
e101150,2026-03-25,Pune,C50923,Amex,Fuel,Male,8002.35,NetBanking,Reliance,Food,Approved,BR115
e101151,2026-04-02,Vizag,C44392,MasterCard,Groceries,Male,9163.25,UPI,Zomato,Utilities,Declined,BR138
e101152,2026-05-28,Delhi,C94555,RuPay,Dining,Female,8361.02,NetBanking,Swiggy,E-commerce,Approved,BR124
e101153,2026-06-23,Chennai,C59552,Visa,Travel,Female,5787.73,UPI,Reliance,Fuel,Approved,BR136
e101154,2026-03-05,Hyderabad,C95023,RuPay,Dining,Male,17404.71,NetBanking,DMart,Travel,Approved,BR146
e101155,2026-05-05,Chennai,C73784,Amex,Groceries,Male,22109.61,Credit,IOCL,Travel,Approved,BR150
e101156,2026-04-30,Kolkata,C56502,RuPay,Shopping,Male,5854.89,NetBanking,Zomato,Utilities,Declined,BR150
e101157,2026-02-12,Hyderabad,C17914,Visa,Fuel,Male,5172.18,NetBanking,Swiggy,E-commerce,Declined,BR139
e101158,2026-02-22,Chennai,C36299,RuPay,Groceries,Female,8881.01,UPI,Zomato,Travel,Approved,BR121
e101159,2026-03-16,Chennai,C12149,MasterCard,Groceries,Male,5758.61,NetBanking,Amazon,Fuel,Declined,BR110
e101160,2026-04-08,Hyderabad,C86716,MasterCard,Utilities,Female,18723.61,UPI,Zomato,Utilities,Declined,BR150
e101161,2026-03-23,Vizag,C66553,RuPay,Fuel,Female,13736.15,UPI,IOCL,Travel,Approved,BR147
e101162,2026-01-26,Bengaluru,C93068,Amex,Fuel,Male,13760.68,Credit,Reliance,Fuel,Declined,BR108
e101163,2026-01-18,Kolkata,C88920,RuPay,Travel,Female,9077.17,NetBanking,Swiggy,Fuel,Approved,BR133
e101164,2026-02-04,Delhi,C47075,MasterCard,Groceries,Male,4218.71,NetBanking,Amazon,Utilities,Declined,BR112
e101165,2026-04-26,Pune,C48209,Amex,Utilities,Male,14600.62,NetBanking,IRCTC,Travel,Declined,BR125
e101166,2026-02-14,Bengaluru,C53704,Visa,Shopping,Female,3774.78,UPI,Zomato,E-commerce,Approved,BR116
e101167,2026-01-10,Vizag,C37238,RuPay,Groceries,Male,1019.16,UPI,IRCTC,Retail,Approved,BR144
e101168,2026-05-23,Vizag,C11043,Visa,Fuel,Female,20636.61,Credit,DMart,Retail,Approved,BR132
e101169,2026-06-08,Pune,C18076,RuPay,Travel,Male,20036.71,UPI,IOCL,E-commerce,Declined,BR131
e101170,2026-06-11,Delhi,C21949,RuPay,Fuel,Female,7428.48,UPI,IOCL,Fuel,Declined,BR123
e101171,2026-05-05,Mumbai,C42454,Amex,Travel,Male,22359.42,NetBanking,HPCL,Utilities,Approved,BR129
e101172,2026-01-15,Delhi,C28032,MasterCard,Groceries,Male,4385.83,UPI,Swiggy,Food,Declined,BR113
e101173,2026-06-30,Chennai,C16773,MasterCard,Groceries,Female,12583.71,Credit,DMart,E-commerce,Approved,BR140
e101174,2026-05-05,Kolkata,C91785,Amex,Groceries,Male,20885.33,NetBanking,IOCL,E-commerce,Approved,BR150
e101175,2026-06-18,Mumbai,C12928,RuPay,Travel,Female,23645.33,Credit,Swiggy,Travel,Approved,BR137
e101176,2026-02-08,Pune,C40534,Amex,Fuel,Female,12426.09,NetBanking,Swiggy,Retail,Approved,BR107
e101177,2026-05-18,Mumbai,C12777,Visa,Travel,Female,6078.87,UPI,HPCL,E-commerce,Declined,BR150
e101178,2026-02-04,Delhi,C39040,RuPay,Travel,Male,24931.04,NetBanking,Reliance,Food,Declined,BR105
e101179,2026-02-26,Chennai,C18409,Visa,Shopping,Female,1847.05,NetBanking,IRCTC,Utilities,Approved,BR115
e101180,2026-06-15,Mumbai,C84512,MasterCard,Travel,Male,17127.83,NetBanking,Swiggy,Travel,Approved,BR113
e101181,2026-05-04,Delhi,C79476,MasterCard,Travel,Female,12694.03,UPI,Zomato,Utilities,Declined,BR140
e101182,2026-01-25,Delhi,C10062,MasterCard,Shopping,Female,18561.5,Credit,Amazon,Food,Approved,BR119
e101183,2026-01-27,Hyderabad,C31217,Amex,Shopping,Female,20000.86,Credit,IOCL,Food,Declined,BR135
e101184,2026-03-23,Hyderabad,C53254,Amex,Dining,Female,6165.68,UPI,Swiggy,Retail,Declined,BR112
e101185,2026-04-10,Vizag,C43037,Visa,Groceries,Male,3906.12,NetBanking,IOCL,Utilities,Approved,BR110
e101186,2026-03-28,Kolkata,C22150,RuPay,Dining,Female,18964.09,NetBanking,IOCL,Utilities,Approved,BR120
e101187,2026-03-07,Chennai,C64895,Amex,Dining,Female,5349.42,Credit,IRCTC,E-commerce,Approved,BR119
e101188,2026-02-24,Delhi,C46258,Amex,Travel,Female,19760.94,NetBanking,DMart,Utilities,Approved,BR135
e101189,2026-06-11,Delhi,C30188,RuPay,Utilities,Female,6372.43,NetBanking,Swiggy,E-commerce,Approved,BR117
e101190,2026-01-05,Pune,C63550,Visa,Dining,Male,13141.01,UPI,Swiggy,Fuel,Declined,BR114
e101191,2026-01-03,Vizag,C92310,Visa,Dining,Female,19815.79,NetBanking,Zomato,Retail,Approved,BR104
e101192,2026-02-27,Chennai,C90230,Amex,Utilities,Male,15871.27,UPI,Amazon,Utilities,Approved,BR107
e101193,2026-01-04,Delhi,C62326,MasterCard,Groceries,Female,18323.02,UPI,Zomato,E-commerce,Declined,BR110
e101194,2026-03-02,Bengaluru,C14041,Amex,Utilities,Male,6953.87,UPI,IRCTC,Travel,Declined,BR121
e101195,2026-02-16,Mumbai,C50368,Amex,Shopping,Female,7291.37,UPI,Amazon,E-commerce,Declined,BR127
e101196,2026-05-08,Pune,C84449,Visa,Fuel,Male,21849.87,NetBanking,IOCL,Food,Approved,BR102
e101197,2026-04-15,Hyderabad,C87768,MasterCard,Utilities,Male,5458.22,UPI,IRCTC,Food,Approved,BR147
e101198,2026-02-17,Mumbai,C73619,Amex,Shopping,Female,6637.4,UPI,DMart,Utilities,Declined,BR103
e101199,2026-02-05,Chennai,C93647,RuPay,Shopping,Female,14648.63,NetBanking,Swiggy,Retail,Approved,BR144
e101200,2026-05-14,Chennai,C36466,Amex,Travel,Female,12344.46,NetBanking,Zomato,Travel,Approved,BR141
e101201,2026-01-02,Hyderabad,C51362,MasterCard,Dining,Female,19341.1,UPI,Zomato,E-commerce,Approved,BR104
e101202,2026-06-22,Vizag,C68976,MasterCard,Travel,Male,1175.64,UPI,Zomato,Fuel,Declined,BR108
e101203,2026-03-22,Pune,C37926,RuPay,Fuel,Male,2311.47,Credit,DMart,Travel,Approved,BR130
e101204,2026-02-24,Vizag,C32639,MasterCard,Shopping,Male,17517.99,UPI,HPCL,E-commerce,Declined,BR112
e101205,2026-04-21,Pune,C76562,Amex,Travel,Male,7080.29,NetBanking,IRCTC,Utilities,Approved,BR104
e101206,2026-05-15,Chennai,C81481,Visa,Groceries,Female,12647.98,Credit,IOCL,Travel,Approved,BR149
e101207,2026-05-12,Hyderabad,C78049,RuPay,Dining,Female,7371.76,NetBanking,Amazon,E-commerce,Declined,BR105
e101208,2026-02-15,Kolkata,C38603,Amex,Fuel,Male,20828.83,NetBanking,IRCTC,Utilities,Approved,BR126
e101209,2026-06-27,Bengaluru,C41791,Amex,Travel,Female,15555.39,UPI,Reliance,Travel,Approved,BR135
e101210,2026-02-06,Delhi,C49961,RuPay,Shopping,Female,20322.94,UPI,HPCL,Utilities,Declined,BR125
e101211,2026-01-29,Kolkata,C22134,RuPay,Fuel,Male,19889.84,Credit,Zomato,Utilities,Approved,BR130
e101212,2026-01-27,Vizag,C28656,RuPay,Travel,Female,11622.77,Credit,Amazon,Food,Approved,BR137
e101213,2026-04-02,Hyderabad,C76637,MasterCard,Utilities,Male,11615.99,NetBanking,Amazon,Food,Approved,BR131
e101214,2026-06-14,Bengaluru,C60336,Visa,Travel,Female,22511.42,UPI,HPCL,Travel,Declined,BR110
e101215,2026-01-24,Hyderabad,C82365,MasterCard,Shopping,Male,13112.41,Credit,Amazon,Retail,Declined,BR146
e101216,2026-06-02,Chennai,C96247,Amex,Utilities,Female,15386.6,Credit,Zomato,E-commerce,Approved,BR112
e101217,2026-05-26,Chennai,C11816,Visa,Groceries,Female,7431.43,Credit,IRCTC,Utilities,Approved,BR132
e101218,2026-01-11,Delhi,C71366,Visa,Groceries,Male,7078.36,Credit,IRCTC,Utilities,Declined,BR127
e101219,2026-03-03,Kolkata,C49600,Amex,Dining,Male,11346.0,UPI,Amazon,Travel,Approved,BR121
e101220,2026-06-14,Pune,C60438,Visa,Groceries,Male,6907.96,UPI,DMart,Food,Declined,BR135
e101221,2026-05-31,Vizag,C13694,MasterCard,Groceries,Female,23289.72,UPI,Swiggy,E-commerce,Approved,BR121
e101222,2026-02-23,Vizag,C30514,MasterCard,Shopping,Female,3961.61,NetBanking,Reliance,E-commerce,Approved,BR112
e101223,2026-01-26,Delhi,C30341,Amex,Shopping,Male,10833.88,Credit,DMart,Utilities,Declined,BR105
e101224,2026-02-09,Chennai,C77626,MasterCard,Fuel,Female,16210.49,UPI,HPCL,Food,Approved,BR136
e101225,2026-05-09,Hyderabad,C26094,MasterCard,Dining,Female,18653.87,UPI,Zomato,Utilities,Declined,BR103
e101226,2026-01-30,Hyderabad,C61927,MasterCard,Groceries,Female,9640.02,UPI,DMart,Fuel,Approved,BR134
e101227,2026-01-28,Hyderabad,C80757,Amex,Shopping,Male,16897.17,Credit,HPCL,Utilities,Approved,BR115
e101228,2026-04-12,Hyderabad,C85025,Amex,Utilities,Male,18301.43,UPI,DMart,E-commerce,Declined,BR111
e101229,2026-06-01,Kolkata,C11136,Amex,Shopping,Male,10470.06,Credit,Zomato,Fuel,Declined,BR118
e101230,2026-05-25,Vizag,C75655,MasterCard,Fuel,Female,20392.68,Credit,HPCL,Travel,Approved,BR142
e101231,2026-04-02,Vizag,C25902,RuPay,Shopping,Male,22009.69,UPI,Amazon,Utilities,Declined,BR136
e101232,2026-03-10,Pune,C63931,Amex,Dining,Male,15294.22,NetBanking,DMart,Utilities,Declined,BR138
e101233,2026-05-07,Hyderabad,C39727,Visa,Groceries,Female,3624.65,Credit,Amazon,Food,Declined,BR135
e101234,2026-06-02,Pune,C22848,Amex,Shopping,Female,3169.88,Credit,Zomato,Fuel,Approved,BR128
e101235,2026-01-23,Hyderabad,C16916,Amex,Shopping,Male,21597.77,UPI,IOCL,Food,Declined,BR136
e101236,2026-04-08,Delhi,C57406,MasterCard,Shopping,Male,2693.62,NetBanking,Zomato,Utilities,Declined,BR109
e101237,2026-04-21,Vizag,C30497,Visa,Fuel,Male,2652.18,UPI,Reliance,E-commerce,Declined,BR126
e101238,2026-04-06,Hyderabad,C88652,Amex,Fuel,Male,16764.34,NetBanking,Swiggy,Fuel,Declined,BR113
e101239,2026-03-08,Hyderabad,C53798,RuPay,Groceries,Male,8858.1,Credit,IOCL,Fuel,Declined,BR119
e101240,2026-04-16,Delhi,C86891,Visa,Dining,Female,5267.77,NetBanking,IOCL,Retail,Approved,BR137
e101241,2026-04-15,Chennai,C68372,RuPay,Utilities,Male,3796.69,NetBanking,Reliance,Utilities,Approved,BR119
e101242,2026-01-05,Bengaluru,C46426,RuPay,Utilities,Male,10672.62,UPI,Zomato,Utilities,Approved,BR137
e101243,2026-02-03,Pune,C49563,MasterCard,Dining,Female,23676.02,UPI,Swiggy,Fuel,Approved,BR126
e101244,2026-02-04,Delhi,C69123,RuPay,Groceries,Male,23311.27,Credit,Reliance,Food,Declined,BR131
e101245,2026-03-07,Vizag,C60757,Visa,Fuel,Male,102.9,UPI,Swiggy,Food,Approved,BR127
e101246,2026-01-07,Chennai,C11357,Amex,Shopping,Female,18648.6,UPI,DMart,Travel,Declined,BR105
e101247,2026-02-25,Chennai,C33938,Visa,Utilities,Female,8099.0,Credit,Amazon,Utilities,Approved,BR133
e101248,2026-03-08,Hyderabad,C69660,Amex,Utilities,Female,12213.13,UPI,Reliance,Food,Declined,BR148
e101249,2026-05-03,Hyderabad,C59130,Amex,Shopping,Male,9814.7,UPI,Amazon,E-commerce,Approved,BR140
e101250,2026-06-16,Bengaluru,C99806,Amex,Travel,Male,5365.66,UPI,Zomato,Travel,Declined,BR137
e101251,2026-02-09,Pune,C43807,MasterCard,Groceries,Female,8862.4,NetBanking,Amazon,Food,Approved,BR142
e101252,2026-01-10,Delhi,C43167,Visa,Dining,Female,23175.42,NetBanking,Reliance,Fuel,Declined,BR113
e101253,2026-05-30,Delhi,C54675,MasterCard,Travel,Male,15715.55,UPI,DMart,E-commerce,Approved,BR101
e101254,2026-04-07,Bengaluru,C63135,MasterCard,Shopping,Female,8667.45,NetBanking,IOCL,Travel,Approved,BR108
e101255,2026-04-16,Chennai,C87186,RuPay,Utilities,Male,5310.48,Credit,HPCL,Travel,Approved,BR127
e101256,2026-02-04,Bengaluru,C10181,Amex,Shopping,Female,6696.15,UPI,Swiggy,Fuel,Declined,BR115
e101257,2026-04-29,Vizag,C36902,Visa,Travel,Female,13684.97,Credit,Reliance,Travel,Approved,BR126
e101258,2026-05-17,Chennai,C19558,Visa,Groceries,Male,8148.97,UPI,DMart,Fuel,Declined,BR130
e101259,2026-05-08,Delhi,C28104,Visa,Fuel,Male,22107.77,UPI,IRCTC,Fuel,Approved,BR136
e101260,2026-06-02,Chennai,C16339,Visa,Groceries,Female,12037.09,UPI,Amazon,Retail,Approved,BR146
e101261,2026-03-09,Mumbai,C99747,Visa,Travel,Female,8546.94,NetBanking,Swiggy,Travel,Approved,BR125
e101262,2026-01-22,Mumbai,C45673,MasterCard,Dining,Male,17752.12,NetBanking,IOCL,E-commerce,Declined,BR124
e101263,2026-05-01,Bengaluru,C37076,Visa,Groceries,Male,6376.58,Credit,HPCL,Food,Approved,BR111
e101264,2026-02-02,Pune,C66448,MasterCard,Groceries,Female,18561.07,NetBanking,Zomato,Utilities,Approved,BR131
e101265,2026-06-18,Kolkata,C66016,Amex,Travel,Male,5176.44,Credit,Zomato,E-commerce,Approved,BR145
e101266,2026-02-26,Hyderabad,C10356,Amex,Dining,Female,3947.09,Credit,Amazon,Food,Approved,BR119
e101267,2026-02-06,Vizag,C32747,MasterCard,Utilities,Female,3259.78,NetBanking,Amazon,Retail,Approved,BR118
e101268,2026-06-08,Pune,C93634,Visa,Groceries,Female,11608.18,UPI,DMart,Utilities,Approved,BR145
e101269,2026-05-04,Pune,C44646,MasterCard,Dining,Female,15687.23,Credit,IOCL,Fuel,Declined,BR111
e101270,2026-03-28,Hyderabad,C83593,MasterCard,Dining,Male,15938.91,NetBanking,HPCL,Food,Declined,BR132
e101271,2026-04-20,Hyderabad,C84829,MasterCard,Travel,Female,6673.98,Credit,DMart,E-commerce,Approved,BR136
e101272,2026-03-12,Chennai,C31866,Visa,Groceries,Male,8503.52,UPI,IRCTC,Food,Declined,BR103
e101273,2026-03-08,Delhi,C37564,RuPay,Shopping,Male,21772.32,UPI,Zomato,Retail,Declined,BR127
e101274,2026-04-18,Delhi,C28513,MasterCard,Utilities,Male,21685.41,Credit,HPCL,Travel,Approved,BR113
e101275,2026-05-25,Vizag,C25414,Visa,Dining,Male,2710.45,NetBanking,Swiggy,Retail,Approved,BR123
e101276,2026-06-02,Mumbai,C95706,Visa,Travel,Male,7193.13,Credit,IRCTC,Utilities,Declined,BR133
e101277,2026-02-20,Delhi,C29780,Amex,Groceries,Male,2403.01,UPI,HPCL,Fuel,Declined,BR134
e101278,2026-01-08,Hyderabad,C52516,Amex,Shopping,Male,5590.27,NetBanking,HPCL,E-commerce,Approved,BR148
e101279,2026-05-29,Hyderabad,C71778,Amex,Shopping,Male,13698.01,Credit,Reliance,Utilities,Approved,BR139
e101280,2026-04-14,Bengaluru,C95669,Visa,Fuel,Male,10796.43,NetBanking,HPCL,Fuel,Approved,BR134
e101281,2026-05-24,Hyderabad,C61543,Visa,Shopping,Male,2458.17,UPI,Zomato,Retail,Declined,BR116
e101282,2026-04-17,Delhi,C88642,Amex,Dining,Female,7565.32,NetBanking,Zomato,Travel,Declined,BR128
e101283,2026-02-08,Bengaluru,C36125,Visa,Dining,Male,9205.24,NetBanking,Zomato,Retail,Declined,BR108
e101284,2026-04-21,Delhi,C56877,Amex,Dining,Female,18696.1,Credit,Amazon,Travel,Approved,BR112
e101285,2026-02-18,Hyderabad,C53567,Visa,Fuel,Male,18720.21,Credit,Amazon,Utilities,Approved,BR124
e101286,2026-03-23,Mumbai,C33200,RuPay,Shopping,Male,5957.41,UPI,IRCTC,Utilities,Approved,BR141
e101287,2026-01-26,Vizag,C74583,Amex,Groceries,Male,2381.29,NetBanking,HPCL,Utilities,Approved,BR125
e101288,2026-06-21,Delhi,C61723,MasterCard,Utilities,Male,14422.38,Credit,Zomato,Travel,Declined,BR150
e101289,2026-05-21,Mumbai,C16618,Amex,Groceries,Male,11580.86,NetBanking,Reliance,Utilities,Approved,BR148
e101290,2026-03-01,Hyderabad,C66739,RuPay,Fuel,Female,20340.61,NetBanking,Reliance,Travel,Approved,BR140
e101291,2026-01-23,Vizag,C16562,MasterCard,Shopping,Female,13548.7,NetBanking,DMart,Food,Declined,BR130
e101292,2026-05-06,Bengaluru,C44731,RuPay,Groceries,Female,21160.31,Credit,IRCTC,E-commerce,Approved,BR118
e101293,2026-06-23,Delhi,C19609,MasterCard,Travel,Male,13414.5,NetBanking,Amazon,Utilities,Approved,BR128
e101294,2026-04-28,Kolkata,C44766,Amex,Fuel,Female,15083.92,NetBanking,Swiggy,Travel,Approved,BR141
e101295,2026-03-28,Bengaluru,C48363,Amex,Groceries,Female,16281.91,UPI,Reliance,Retail,Approved,BR142
e101296,2026-02-17,Vizag,C50344,MasterCard,Travel,Male,22036.39,UPI,Reliance,Utilities,Approved,BR125
e101297,2026-03-04,Chennai,C16409,Amex,Shopping,Male,10075.71,UPI,Amazon,E-commerce,Declined,BR149
e101298,2026-01-12,Hyderabad,C34934,Visa,Fuel,Female,23027.44,Credit,Amazon,Retail,Declined,BR147
e101299,2026-01-20,Pune,C42868,MasterCard,Shopping,Male,2334.39,NetBanking,HPCL,Retail,Declined,BR110
e101300,2026-06-08,Chennai,C72089,Amex,Utilities,Female,4000.98,UPI,Swiggy,E-commerce,Approved,BR133
e101301,2026-04-14,Pune,C60420,MasterCard,Groceries,Female,16092.96,UPI,Swiggy,E-commerce,Approved,BR111
e101302,2026-06-26,Pune,C65422,RuPay,Shopping,Male,861.11,Credit,Zomato,Retail,Approved,BR142
e101303,2026-03-03,Delhi,C94182,RuPay,Groceries,Female,5733.57,Credit,Swiggy,Fuel,Approved,BR145
e101304,2026-03-10,Bengaluru,C63239,Amex,Dining,Female,8999.18,Credit,HPCL,Fuel,Declined,BR144
e101305,2026-03-10,Hyderabad,C89719,Amex,Dining,Female,11596.44,UPI,HPCL,E-commerce,Declined,BR150
e101306,2026-02-14,Chennai,C72100,MasterCard,Travel,Female,22482.29,Credit,DMart,Fuel,Approved,BR134
e101307,2026-04-08,Chennai,C36825,Visa,Shopping,Male,21626.03,Credit,IOCL,Travel,Declined,BR150
e101308,2026-04-17,Vizag,C54198,Amex,Groceries,Female,16883.74,UPI,Amazon,Fuel,Approved,BR148
e101309,2026-05-06,Hyderabad,C54668,Visa,Travel,Male,18056.6,Credit,IOCL,Utilities,Approved,BR138
e101310,2026-03-03,Chennai,C50830,Visa,Dining,Male,12152.42,Credit,Amazon,Retail,Declined,BR118
e101311,2026-06-22,Chennai,C99054,RuPay,Travel,Female,11140.89,NetBanking,Zomato,E-commerce,Declined,BR137
e101312,2026-02-21,Bengaluru,C98706,RuPay,Shopping,Female,20931.39,NetBanking,Zomato,Utilities,Approved,BR116
e101313,2026-02-12,Mumbai,C38296,Visa,Shopping,Male,10057.82,NetBanking,Swiggy,Food,Declined,BR119
e101314,2026-05-08,Kolkata,C83861,MasterCard,Shopping,Male,6340.77,UPI,Zomato,Utilities,Declined,BR120
e101315,2026-02-12,Bengaluru,C29702,Visa,Groceries,Female,6117.52,Credit,Amazon,Retail,Approved,BR127
e101316,2026-03-09,Delhi,C30801,RuPay,Travel,Female,9828.53,NetBanking,HPCL,Fuel,Approved,BR144
e101317,2026-01-29,Kolkata,C63442,MasterCard,Utilities,Male,6532.18,NetBanking,IOCL,Utilities,Approved,BR132
e101318,2026-03-11,Pune,C74244,Amex,Shopping,Female,21666.6,NetBanking,Swiggy,Retail,Declined,BR103
e101319,2026-01-30,Bengaluru,C15774,MasterCard,Shopping,Female,15023.04,NetBanking,Zomato,Food,Declined,BR107
e101320,2026-05-30,Chennai,C30353,Amex,Utilities,Male,14671.42,Credit,IOCL,Food,Approved,BR147
e101321,2026-01-13,Pune,C45676,Visa,Dining,Female,19336.21,UPI,Reliance,Food,Declined,BR124
e101322,2026-06-17,Bengaluru,C24871,MasterCard,Shopping,Female,14727.6,Credit,Reliance,Retail,Approved,BR125
e101323,2026-05-08,Delhi,C29142,MasterCard,Travel,Female,11997.18,NetBanking,Reliance,Utilities,Declined,BR118
e101324,2026-04-17,Vizag,C74246,Visa,Dining,Female,22390.36,UPI,DMart,Food,Declined,BR104
e101325,2026-01-08,Kolkata,C39746,RuPay,Utilities,Female,3444.2,UPI,Zomato,Retail,Declined,BR131
e101326,2026-01-28,Delhi,C23097,Visa,Dining,Female,17025.77,NetBanking,Amazon,Travel,Approved,BR137
e101327,2026-03-03,Kolkata,C26041,RuPay,Dining,Male,20426.83,Credit,IOCL,E-commerce,Approved,BR120
e101328,2026-03-18,Pune,C25337,Amex,Dining,Male,21508.72,NetBanking,Reliance,Food,Declined,BR104
e101329,2026-06-08,Kolkata,C24615,Amex,Groceries,Female,1395.04,Credit,Reliance,Retail,Approved,BR139
e101330,2026-03-08,Chennai,C30074,MasterCard,Travel,Female,13393.74,NetBanking,DMart,Travel,Declined,BR125
e101331,2026-01-10,Bengaluru,C49917,RuPay,Dining,Female,5526.89,Credit,Zomato,Utilities,Declined,BR126
e101332,2026-06-08,Delhi,C18532,Visa,Groceries,Male,3325.64,NetBanking,IRCTC,Travel,Declined,BR136
e101333,2026-01-29,Hyderabad,C86084,MasterCard,Dining,Male,13469.58,UPI,Reliance,E-commerce,Approved,BR102
e101334,2026-05-18,Pune,C64919,RuPay,Travel,Female,5446.19,UPI,Reliance,Food,Approved,BR106
e101335,2026-06-16,Pune,C74924,Visa,Utilities,Male,18547.1,UPI,IOCL,Retail,Approved,BR142
e101336,2026-03-11,Delhi,C59463,Amex,Shopping,Male,1952.02,NetBanking,Reliance,Utilities,Approved,BR106
e101337,2026-01-24,Mumbai,C62380,MasterCard,Fuel,Female,23405.81,Credit,HPCL,Food,Approved,BR148
e101338,2026-06-22,Delhi,C87252,Visa,Fuel,Female,21878.74,Credit,Swiggy,Retail,Approved,BR144
e101339,2026-02-22,Chennai,C84980,Amex,Groceries,Female,22108.58,UPI,IRCTC,Travel,Declined,BR142
e101340,2026-05-21,Bengaluru,C46761,RuPay,Shopping,Male,2721.45,Credit,Reliance,Retail,Approved,BR111
e101341,2026-06-25,Kolkata,C13247,Amex,Travel,Male,13707.66,Credit,IRCTC,Fuel,Approved,BR134
e101342,2026-02-17,Delhi,C45999,MasterCard,Utilities,Female,23394.52,NetBanking,Reliance,Travel,Approved,BR101
e101343,2026-05-25,Delhi,C60052,MasterCard,Dining,Male,11956.1,UPI,IOCL,Retail,Declined,BR134
e101344,2026-06-16,Bengaluru,C33638,Visa,Groceries,Female,24994.16,NetBanking,DMart,E-commerce,Declined,BR109
e101345,2026-05-19,Kolkata,C48688,MasterCard,Travel,Female,11782.12,UPI,Reliance,Fuel,Declined,BR103
e101346,2026-06-23,Pune,C92137,MasterCard,Utilities,Male,13869.11,Credit,IOCL,Retail,Declined,BR108
e101347,2026-05-29,Chennai,C98502,MasterCard,Fuel,Male,5531.28,UPI,IOCL,Fuel,Declined,BR134
e101348,2026-05-23,Chennai,C29952,MasterCard,Travel,Male,7152.0,Credit,IOCL,Travel,Declined,BR101
e101349,2026-04-18,Hyderabad,C94558,Visa,Fuel,Male,15698.82,Credit,Zomato,E-commerce,Approved,BR116
e101350,2026-01-24,Mumbai,C55540,Visa,Groceries,Female,13201.68,UPI,Amazon,Retail,Declined,BR142
e101351,2026-06-10,Mumbai,C96850,Amex,Dining,Female,23622.03,Credit,IOCL,Fuel,Declined,BR147
e101352,2026-02-15,Hyderabad,C60585,Visa,Groceries,Male,12963.91,Credit,Amazon,Travel,Approved,BR144
e101353,2026-01-02,Mumbai,C22011,Amex,Travel,Male,15541.82,NetBanking,IRCTC,E-commerce,Approved,BR133
e101354,2026-01-23,Kolkata,C99935,Visa,Groceries,Female,5000.85,Credit,Swiggy,Travel,Declined,BR119
e101355,2026-06-08,Delhi,C74699,Visa,Dining,Female,219.8,UPI,Amazon,E-commerce,Declined,BR129
e101356,2026-05-22,Kolkata,C32908,Amex,Groceries,Female,8315.6,NetBanking,Reliance,E-commerce,Approved,BR142
e101357,2026-04-17,Delhi,C20102,MasterCard,Utilities,Female,12294.37,NetBanking,HPCL,Travel,Declined,BR112
e101358,2026-01-15,Pune,C35279,Visa,Shopping,Female,1035.92,UPI,HPCL,Fuel,Declined,BR136
e101359,2026-06-04,Pune,C87434,MasterCard,Dining,Male,7089.79,NetBanking,IRCTC,Travel,Approved,BR115
e101360,2026-01-27,Hyderabad,C33328,Visa,Utilities,Male,670.37,NetBanking,Reliance,Travel,Declined,BR110
e101361,2026-04-22,Kolkata,C41425,Visa,Dining,Female,6509.12,NetBanking,IOCL,E-commerce,Declined,BR133
e101362,2026-02-22,Hyderabad,C35278,Visa,Dining,Male,22296.9,UPI,DMart,E-commerce,Declined,BR120
e101363,2026-01-23,Delhi,C81289,MasterCard,Groceries,Male,12511.44,Credit,Amazon,Food,Approved,BR124
e101364,2026-01-12,Hyderabad,C67337,Amex,Travel,Male,5574.31,UPI,HPCL,Retail,Approved,BR116
e101365,2026-03-16,Mumbai,C79917,MasterCard,Shopping,Male,23788.08,Credit,DMart,E-commerce,Approved,BR118
e101366,2026-04-14,Hyderabad,C90969,Visa,Travel,Female,22767.87,Credit,Amazon,Fuel,Declined,BR149
e101367,2026-03-31,Delhi,C35184,Visa,Utilities,Female,8032.19,NetBanking,Amazon,Travel,Declined,BR114
e101368,2026-05-07,Kolkata,C88860,RuPay,Fuel,Male,17237.91,Credit,HPCL,Retail,Declined,BR139
e101369,2026-06-08,Hyderabad,C13278,Amex,Travel,Male,19518.34,NetBanking,Reliance,Retail,Declined,BR134
e101370,2026-04-09,Kolkata,C49454,MasterCard,Dining,Female,20616.21,NetBanking,Reliance,E-commerce,Declined,BR145
e101371,2026-03-04,Kolkata,C64793,Visa,Dining,Male,12723.0,NetBanking,Swiggy,Food,Declined,BR127
e101372,2026-02-13,Hyderabad,C48931,MasterCard,Dining,Female,13943.34,Credit,Amazon,Food,Approved,BR103
e101373,2026-04-26,Pune,C62744,Amex,Shopping,Female,21603.42,NetBanking,IRCTC,Food,Declined,BR117
e101374,2026-01-12,Vizag,C29638,RuPay,Fuel,Male,16248.09,Credit,Swiggy,Utilities,Declined,BR127
e101375,2026-06-16,Pune,C36334,Amex,Dining,Male,11863.01,UPI,Zomato,Food,Approved,BR125
e101376,2026-02-14,Chennai,C37388,Amex,Travel,Male,23635.49,UPI,HPCL,Travel,Declined,BR144
e101377,2026-01-02,Kolkata,C46869,RuPay,Shopping,Male,18622.32,Credit,Reliance,E-commerce,Approved,BR131
e101378,2026-02-26,Vizag,C52095,RuPay,Shopping,Female,9873.25,NetBanking,HPCL,Food,Approved,BR121
e101379,2026-01-30,Vizag,C32311,Visa,Shopping,Male,1877.55,NetBanking,IRCTC,Fuel,Declined,BR101
e101380,2026-02-02,Bengaluru,C66841,RuPay,Utilities,Female,21423.18,NetBanking,IRCTC,Utilities,Approved,BR150
e101381,2026-04-25,Pune,C68665,Amex,Utilities,Male,2803.04,Credit,DMart,Utilities,Approved,BR142
e101382,2026-06-20,Pune,C90747,Amex,Shopping,Male,7964.67,Credit,Reliance,Travel,Declined,BR141
e101383,2026-02-27,Delhi,C63536,Visa,Utilities,Female,14805.58,Credit,Amazon,Travel,Declined,BR146
e101384,2026-01-04,Chennai,C54179,MasterCard,Fuel,Female,8967.11,NetBanking,Swiggy,Food,Declined,BR130
e101385,2026-06-11,Bengaluru,C60604,MasterCard,Dining,Male,10995.21,NetBanking,IOCL,Food,Approved,BR137
e101386,2026-04-23,Delhi,C55885,RuPay,Shopping,Male,15496.1,NetBanking,Swiggy,Travel,Declined,BR139
e101387,2026-04-27,Vizag,C28054,RuPay,Groceries,Male,8597.64,UPI,Swiggy,Travel,Approved,BR112
e101388,2026-03-01,Hyderabad,C27431,Amex,Shopping,Female,3987.82,NetBanking,HPCL,Retail,Declined,BR110
e101389,2026-05-26,Chennai,C89985,RuPay,Groceries,Female,1940.77,UPI,Amazon,Retail,Approved,BR129
e101390,2026-03-31,Vizag,C98162,MasterCard,Utilities,Female,4614.96,UPI,Zomato,Food,Approved,BR146
e101391,2026-05-12,Delhi,C90162,Amex,Groceries,Male,22803.99,NetBanking,Reliance,Travel,Approved,BR128
e101392,2026-03-07,Kolkata,C86568,Amex,Travel,Female,2279.67,Credit,IRCTC,E-commerce,Approved,BR123
e101393,2026-04-28,Chennai,C82294,Amex,Fuel,Male,11587.71,UPI,IRCTC,E-commerce,Declined,BR137
e101394,2026-03-18,Kolkata,C35251,Visa,Dining,Male,14800.72,NetBanking,Amazon,Travel,Approved,BR138
e101395,2026-02-01,Mumbai,C41282,Amex,Utilities,Female,6748.26,Credit,DMart,E-commerce,Declined,BR133
e101396,2026-02-27,Bengaluru,C76888,Visa,Groceries,Male,17408.26,NetBanking,Amazon,Utilities,Approved,BR116
e101397,2026-05-02,Pune,C84496,Amex,Fuel,Male,18279.21,Credit,Zomato,Utilities,Approved,BR108
e101398,2026-05-03,Bengaluru,C70328,Amex,Travel,Male,2644.8,Credit,IOCL,Retail,Declined,BR128
e101399,2026-05-01,Chennai,C44919,Amex,Travel,Male,16794.32,Credit,IOCL,Retail,Declined,BR105
e101400,2026-01-30,Delhi,C10178,Amex,Groceries,Female,3797.22,UPI,Amazon,Utilities,Approved,BR136
e101401,2026-03-08,Bengaluru,C64014,RuPay,Fuel,Female,5854.59,Credit,IRCTC,Utilities,Declined,BR138
e101402,2026-03-17,Vizag,C50857,Visa,Groceries,Female,2332.77,NetBanking,HPCL,Travel,Approved,BR149
e101403,2026-01-23,Delhi,C33557,Amex,Dining,Male,13569.36,UPI,HPCL,Food,Declined,BR106
e101404,2026-02-22,Chennai,C13652,Visa,Fuel,Female,2857.4,UPI,DMart,Utilities,Declined,BR126
e101405,2026-05-03,Bengaluru,C97274,RuPay,Fuel,Female,11126.68,UPI,Amazon,Retail,Declined,BR105
e101406,2026-01-13,Kolkata,C30752,Amex,Utilities,Male,11713.49,UPI,Zomato,Travel,Approved,BR122
e101407,2026-03-27,Delhi,C50364,RuPay,Travel,Female,5193.13,Credit,DMart,Retail,Approved,BR142
e101408,2026-06-11,Chennai,C28409,RuPay,Fuel,Male,15455.74,NetBanking,HPCL,Utilities,Declined,BR143
e101409,2026-04-06,Mumbai,C53313,RuPay,Dining,Female,12764.2,UPI,HPCL,Utilities,Approved,BR138
e101410,2026-06-19,Chennai,C21937,Amex,Dining,Female,3256.7,Credit,HPCL,Utilities,Approved,BR138
e101411,2026-04-03,Bengaluru,C96915,Visa,Utilities,Male,24221.04,Credit,HPCL,Food,Approved,BR123
e101412,2026-01-07,Vizag,C17731,RuPay,Dining,Male,7249.86,Credit,DMart,Utilities,Approved,BR141
e101413,2026-01-21,Vizag,C98764,Amex,Utilities,Male,15544.84,Credit,Amazon,Fuel,Declined,BR107
e101414,2026-01-05,Bengaluru,C15777,MasterCard,Utilities,Female,16908.22,Credit,DMart,Travel,Declined,BR143
e101415,2026-03-31,Hyderabad,C76877,Amex,Utilities,Male,11433.97,NetBanking,HPCL,Food,Declined,BR139
e101416,2026-06-21,Pune,C48918,RuPay,Fuel,Male,11463.19,UPI,Zomato,Fuel,Approved,BR122
e101417,2026-03-16,Delhi,C95847,Amex,Utilities,Male,24602.68,UPI,IOCL,Travel,Declined,BR137
e101418,2026-03-30,Bengaluru,C76835,MasterCard,Fuel,Female,23662.38,Credit,IOCL,Travel,Approved,BR136
e101419,2026-02-17,Vizag,C99079,RuPay,Shopping,Female,18566.65,UPI,IOCL,Utilities,Approved,BR134
e101420,2026-06-27,Pune,C56525,Amex,Utilities,Male,8706.26,UPI,Zomato,Fuel,Approved,BR145
e101421,2026-03-14,Mumbai,C12762,RuPay,Groceries,Male,22359.26,NetBanking,IOCL,Utilities,Declined,BR134
e101422,2026-03-04,Mumbai,C68715,MasterCard,Groceries,Female,19713.4,Credit,DMart,E-commerce,Declined,BR132
e101423,2026-04-05,Kolkata,C88920,Visa,Travel,Male,7607.86,UPI,Swiggy,Food,Approved,BR113
e101424,2026-06-27,Mumbai,C36117,Amex,Groceries,Male,8171.96,Credit,Reliance,Travel,Approved,BR144
e101425,2026-03-03,Delhi,C82721,Visa,Groceries,Female,727.75,UPI,IOCL,Utilities,Approved,BR143
e101426,2026-04-15,Mumbai,C29246,MasterCard,Fuel,Female,395.12,UPI,Reliance,E-commerce,Approved,BR136
e101427,2026-01-05,Vizag,C82185,Visa,Dining,Male,2088.17,NetBanking,Amazon,Utilities,Declined,BR136
e101428,2026-05-23,Mumbai,C71441,Visa,Utilities,Male,23631.11,NetBanking,Zomato,Retail,Approved,BR150
e101429,2026-02-02,Chennai,C94045,Visa,Travel,Male,18550.23,UPI,IOCL,Travel,Declined,BR118
e101430,2026-05-16,Chennai,C64587,Amex,Groceries,Female,23375.22,Credit,IRCTC,E-commerce,Approved,BR122
e101431,2026-02-07,Chennai,C93205,MasterCard,Shopping,Male,6877.94,NetBanking,Zomato,Utilities,Approved,BR110
e101432,2026-03-06,Mumbai,C21787,Amex,Travel,Male,6158.25,NetBanking,Swiggy,Travel,Approved,BR137
e101433,2026-03-19,Kolkata,C35837,RuPay,Fuel,Female,14750.0,NetBanking,IOCL,Food,Declined,BR144
e101434,2026-04-21,Mumbai,C48215,RuPay,Travel,Male,14075.81,NetBanking,Zomato,Food,Declined,BR124
e101435,2026-01-25,Chennai,C50918,Amex,Dining,Female,1798.42,Credit,DMart,Travel,Approved,BR122
e101436,2026-06-14,Vizag,C60258,MasterCard,Shopping,Female,9450.46,UPI,HPCL,Food,Approved,BR101
e101437,2026-04-28,Chennai,C27914,MasterCard,Dining,Female,15435.21,NetBanking,IOCL,Fuel,Approved,BR124
e101438,2026-01-02,Pune,C12264,Amex,Dining,Male,16237.19,NetBanking,Amazon,E-commerce,Approved,BR122
e101439,2026-06-02,Bengaluru,C35742,MasterCard,Dining,Female,4853.84,NetBanking,Reliance,Utilities,Declined,BR111
e101440,2026-05-12,Mumbai,C10150,MasterCard,Utilities,Male,276.89,UPI,HPCL,E-commerce,Declined,BR133
e101441,2026-03-09,Pune,C59131,Amex,Utilities,Female,20679.88,Credit,IRCTC,Fuel,Declined,BR148
e101442,2026-03-11,Kolkata,C89695,Visa,Utilities,Male,864.8,Credit,DMart,Travel,Declined,BR136
e101443,2026-02-03,Pune,C63986,Visa,Travel,Male,19105.38,Credit,IRCTC,E-commerce,Approved,BR123
e101444,2026-03-22,Chennai,C46510,Amex,Fuel,Male,8175.19,NetBanking,Amazon,Utilities,Declined,BR137
e101445,2026-02-17,Pune,C94796,RuPay,Dining,Female,1880.08,NetBanking,HPCL,Food,Approved,BR102
e101446,2026-06-02,Vizag,C20788,MasterCard,Fuel,Female,16429.16,UPI,IOCL,Food,Approved,BR133
e101447,2026-02-14,Kolkata,C71721,RuPay,Shopping,Male,16965.85,Credit,HPCL,Utilities,Approved,BR118
e101448,2026-04-21,Hyderabad,C78750,Amex,Dining,Female,24715.09,UPI,Zomato,Utilities,Declined,BR123
e101449,2026-05-10,Kolkata,C64120,MasterCard,Shopping,Male,12929.01,UPI,Reliance,Food,Approved,BR119
e101450,2026-03-16,Mumbai,C88811,MasterCard,Travel,Female,2228.57,NetBanking,Amazon,Fuel,Approved,BR141
e101451,2026-06-21,Vizag,C74415,Amex,Travel,Female,20918.41,UPI,IRCTC,Utilities,Declined,BR130
e101452,2026-05-11,Mumbai,C40962,Visa,Utilities,Male,5622.78,Credit,Reliance,Fuel,Declined,BR132
e101453,2026-01-27,Hyderabad,C84467,Visa,Utilities,Female,16251.27,UPI,IRCTC,Retail,Declined,BR146
e101454,2026-02-21,Mumbai,C10976,MasterCard,Dining,Female,21064.66,NetBanking,DMart,Retail,Declined,BR150
e101455,2026-05-01,Bengaluru,C51759,Amex,Utilities,Female,14739.3,Credit,Zomato,Utilities,Approved,BR146
e101456,2026-01-15,Chennai,C74590,Visa,Groceries,Male,3266.9,UPI,DMart,Retail,Declined,BR134
e101457,2026-01-22,Hyderabad,C42542,Visa,Dining,Female,20832.62,NetBanking,IOCL,E-commerce,Approved,BR122
e101458,2026-05-02,Vizag,C70101,Visa,Shopping,Female,13556.95,UPI,IOCL,E-commerce,Declined,BR135
e101459,2026-03-07,Pune,C56453,Visa,Travel,Female,7898.19,Credit,DMart,Food,Declined,BR103
e101460,2026-03-23,Vizag,C76790,RuPay,Utilities,Female,19070.84,NetBanking,HPCL,Fuel,Approved,BR106
e101461,2026-04-09,Vizag,C31977,Amex,Shopping,Female,6796.48,UPI,IRCTC,Utilities,Approved,BR145
e101462,2026-05-08,Bengaluru,C80843,RuPay,Fuel,Female,10892.0,UPI,IOCL,Travel,Declined,BR141
e101463,2026-04-28,Bengaluru,C84592,Amex,Fuel,Female,1848.96,Credit,Zomato,Fuel,Declined,BR146
e101464,2026-04-11,Vizag,C59120,Amex,Utilities,Male,8992.69,Credit,HPCL,Travel,Approved,BR133
e101465,2026-06-22,Vizag,C77254,Amex,Travel,Female,4807.29,UPI,Swiggy,Retail,Declined,BR148
e101466,2026-03-01,Delhi,C74480,Visa,Utilities,Male,12101.5,NetBanking,DMart,Utilities,Declined,BR116
e101467,2026-02-01,Bengaluru,C34059,RuPay,Dining,Male,8839.62,Credit,DMart,Travel,Declined,BR145
e101468,2026-01-16,Delhi,C33832,RuPay,Shopping,Male,2143.62,NetBanking,Amazon,E-commerce,Approved,BR135
e101469,2026-02-26,Mumbai,C77243,Visa,Travel,Male,19892.58,Credit,IOCL,Food,Declined,BR126
e101470,2026-03-15,Bengaluru,C25540,Amex,Shopping,Male,11213.54,Credit,Amazon,Retail,Approved,BR128
e101471,2026-05-05,Pune,C85953,Amex,Fuel,Male,7224.72,UPI,Amazon,Retail,Declined,BR144
e101472,2026-02-17,Hyderabad,C67989,Visa,Groceries,Female,18408.39,Credit,IRCTC,Travel,Declined,BR127
e101473,2026-01-16,Pune,C23286,Visa,Travel,Female,19354.53,Credit,IRCTC,E-commerce,Approved,BR119
e101474,2026-05-02,Chennai,C87160,Visa,Dining,Male,9350.23,NetBanking,DMart,E-commerce,Approved,BR124
e101475,2026-04-20,Delhi,C20093,RuPay,Utilities,Male,18303.73,NetBanking,IRCTC,Utilities,Approved,BR138
e101476,2026-02-11,Hyderabad,C33661,MasterCard,Dining,Female,6215.93,Credit,Swiggy,Retail,Approved,BR141
e101477,2026-06-11,Bengaluru,C73220,Amex,Utilities,Male,6790.61,NetBanking,Swiggy,Utilities,Declined,BR134
e101478,2026-03-11,Hyderabad,C89257,Visa,Dining,Male,8618.6,UPI,DMart,E-commerce,Declined,BR107
e101479,2026-01-13,Delhi,C68092,RuPay,Travel,Male,266.7,NetBanking,Zomato,E-commerce,Approved,BR107
e101480,2026-01-04,Kolkata,C76880,Amex,Fuel,Female,9380.09,UPI,HPCL,Utilities,Declined,BR134
e101481,2026-02-04,Hyderabad,C17601,Visa,Fuel,Male,9653.63,NetBanking,Amazon,Retail,Declined,BR128
e101482,2026-03-09,Kolkata,C46544,RuPay,Shopping,Male,20948.44,NetBanking,HPCL,Food,Approved,BR131
e101483,2026-04-29,Pune,C66396,Visa,Utilities,Male,22317.16,NetBanking,Swiggy,Travel,Declined,BR126
e101484,2026-03-02,Vizag,C64912,Amex,Shopping,Female,22636.21,NetBanking,DMart,E-commerce,Approved,BR107
e101485,2026-01-31,Delhi,C95720,RuPay,Dining,Female,9286.44,NetBanking,Amazon,Travel,Declined,BR112
e101486,2026-06-18,Delhi,C69502,Visa,Groceries,Male,7245.77,UPI,Swiggy,Utilities,Declined,BR136
e101487,2026-05-14,Vizag,C94976,Amex,Utilities,Female,7040.74,UPI,IRCTC,Food,Approved,BR131
e101488,2026-04-18,Delhi,C20875,RuPay,Fuel,Male,6559.93,UPI,IOCL,Utilities,Declined,BR115
e101489,2026-03-05,Pune,C80128,MasterCard,Shopping,Male,17669.15,UPI,Swiggy,E-commerce,Declined,BR102
e101490,2026-02-22,Vizag,C82571,RuPay,Groceries,Male,11023.56,Credit,Swiggy,Fuel,Declined,BR124
e101491,2026-05-14,Mumbai,C62872,MasterCard,Dining,Female,6793.36,UPI,Zomato,Utilities,Approved,BR143
e101492,2026-04-10,Mumbai,C25363,MasterCard,Utilities,Female,22577.57,Credit,Zomato,Fuel,Approved,BR143
e101493,2026-04-04,Pune,C29109,Amex,Utilities,Male,2302.36,Credit,IRCTC,Fuel,Declined,BR129
e101494,2026-02-12,Pune,C58915,MasterCard,Utilities,Male,10146.32,UPI,HPCL,Utilities,Approved,BR105
e101495,2026-03-25,Chennai,C70805,MasterCard,Travel,Male,1256.81,NetBanking,Zomato,Travel,Approved,BR127
e101496,2026-04-05,Hyderabad,C88075,Visa,Groceries,Male,19861.57,Credit,Amazon,Fuel,Approved,BR119
e101497,2026-02-19,Hyderabad,C53251,RuPay,Dining,Female,7009.74,Credit,IOCL,Fuel,Declined,BR104
e101498,2026-04-29,Pune,C67343,RuPay,Dining,Female,14229.38,UPI,Zomato,Utilities,Approved,BR136
e101499,2026-01-20,Pune,C42574,Amex,Groceries,Female,22518.11,Credit,HPCL,Fuel,Declined,BR149
e101500,2026-03-24,Vizag,C36656,RuPay,Groceries,Female,15127.08,Credit,HPCL,Utilities,Approved,BR141
e101501,2026-06-06,Hyderabad,C80891,MasterCard,Dining,Male,18832.73,UPI,Zomato,Travel,Approved,BR103
e101502,2026-03-16,Pune,C42613,Amex,Groceries,Female,12274.26,NetBanking,Zomato,Fuel,Approved,BR138
e101503,2026-03-03,Vizag,C32042,Amex,Fuel,Female,24812.18,NetBanking,HPCL,Fuel,Approved,BR104
e101504,2026-03-17,Kolkata,C42461,Amex,Fuel,Female,17931.42,Credit,DMart,Travel,Approved,BR150
e101505,2026-04-14,Bengaluru,C76399,MasterCard,Fuel,Male,13358.77,Credit,Swiggy,Retail,Declined,BR114
e101506,2026-05-07,Vizag,C81866,Visa,Fuel,Female,4816.99,NetBanking,HPCL,E-commerce,Approved,BR132
e101507,2026-02-26,Mumbai,C85814,Visa,Shopping,Male,13042.0,UPI,IOCL,E-commerce,Approved,BR103
e101508,2026-03-26,Hyderabad,C55316,MasterCard,Utilities,Female,9895.05,Credit,HPCL,Utilities,Declined,BR107
e101509,2026-03-12,Chennai,C19772,RuPay,Utilities,Male,21467.16,NetBanking,Zomato,Food,Approved,BR144
e101510,2026-01-17,Kolkata,C16650,Visa,Shopping,Male,4290.0,Credit,DMart,Retail,Declined,BR107
e101511,2026-03-15,Chennai,C95879,MasterCard,Utilities,Female,18055.94,Credit,DMart,Fuel,Declined,BR148
e101512,2026-03-06,Chennai,C55443,MasterCard,Shopping,Female,4261.14,UPI,Zomato,Food,Approved,BR121
e101513,2026-06-29,Vizag,C54377,RuPay,Fuel,Female,13079.73,UPI,IOCL,Retail,Declined,BR102
e101514,2026-04-06,Delhi,C50981,Amex,Travel,Male,7549.93,NetBanking,Reliance,Fuel,Declined,BR120
e101515,2026-03-26,Pune,C42420,MasterCard,Utilities,Female,7528.53,NetBanking,DMart,Retail,Declined,BR138
e101516,2026-05-08,Vizag,C90941,Visa,Fuel,Male,11067.96,Credit,IOCL,Travel,Approved,BR107
e101517,2026-02-14,Pune,C84708,Amex,Dining,Male,24518.31,UPI,Amazon,Fuel,Declined,BR109
e101518,2026-05-25,Pune,C99650,RuPay,Fuel,Male,6678.1,UPI,Reliance,Food,Approved,BR122
e101519,2026-01-19,Chennai,C99457,RuPay,Groceries,Male,15957.6,UPI,Swiggy,Retail,Approved,BR118
e101520,2026-01-22,Kolkata,C46720,RuPay,Dining,Male,21587.0,UPI,Reliance,Food,Approved,BR150
e101521,2026-02-26,Bengaluru,C99537,MasterCard,Dining,Female,11502.29,NetBanking,Zomato,Retail,Declined,BR111
e101522,2026-02-21,Bengaluru,C30546,RuPay,Fuel,Male,2380.21,Credit,HPCL,E-commerce,Declined,BR146
e101523,2026-05-10,Vizag,C29027,MasterCard,Dining,Female,1949.39,NetBanking,IRCTC,Food,Declined,BR124
e101524,2026-03-23,Kolkata,C50442,MasterCard,Groceries,Male,2906.26,NetBanking,IRCTC,Food,Declined,BR147
e101525,2026-03-30,Kolkata,C97751,Amex,Groceries,Male,9758.35,Credit,HPCL,Fuel,Approved,BR133
e101526,2026-03-08,Hyderabad,C24913,MasterCard,Dining,Female,19069.86,Credit,Swiggy,Food,Declined,BR110
e101527,2026-06-16,Pune,C58059,Amex,Groceries,Male,21050.51,UPI,DMart,Fuel,Approved,BR112
e101528,2026-02-28,Chennai,C40467,Amex,Travel,Male,19577.64,NetBanking,HPCL,Utilities,Approved,BR104
e101529,2026-03-14,Hyderabad,C92307,Amex,Travel,Female,10166.8,UPI,HPCL,Food,Approved,BR116
e101530,2026-06-13,Bengaluru,C25449,Amex,Fuel,Male,8552.51,NetBanking,DMart,Utilities,Approved,BR119
e101531,2026-06-02,Vizag,C66375,Visa,Shopping,Female,3469.02,UPI,IRCTC,E-commerce,Approved,BR127
e101532,2026-05-11,Vizag,C32464,Visa,Dining,Female,11505.38,UPI,Amazon,Utilities,Approved,BR104
e101533,2026-06-02,Chennai,C98713,Visa,Fuel,Male,24167.86,NetBanking,IRCTC,Utilities,Approved,BR107
e101534,2026-06-06,Delhi,C94948,RuPay,Groceries,Male,16995.96,NetBanking,IOCL,Food,Approved,BR116
e101535,2026-03-07,Chennai,C53665,RuPay,Dining,Male,16313.16,NetBanking,IOCL,Food,Declined,BR130
e101536,2026-01-16,Kolkata,C80547,Visa,Fuel,Male,20795.21,Credit,HPCL,Retail,Declined,BR145
e101537,2026-05-29,Kolkata,C45353,Visa,Groceries,Female,8331.71,NetBanking,IOCL,Utilities,Approved,BR103
e101538,2026-05-16,Kolkata,C31418,Amex,Shopping,Female,9985.73,Credit,Reliance,Fuel,Approved,BR142
e101539,2026-05-26,Hyderabad,C55001,Visa,Groceries,Male,16553.39,UPI,Reliance,Utilities,Approved,BR107
e101540,2026-03-12,Chennai,C90959,Visa,Fuel,Female,7386.84,Credit,Swiggy,Food,Approved,BR121
e101541,2026-01-01,Kolkata,C29014,Visa,Travel,Male,23268.23,Credit,HPCL,Travel,Declined,BR121
e101542,2026-03-10,Kolkata,C41739,Amex,Shopping,Male,6702.57,UPI,Zomato,Retail,Declined,BR121
e101543,2026-05-08,Pune,C54526,MasterCard,Utilities,Male,5867.87,Credit,Reliance,Travel,Approved,BR108
e101544,2026-02-15,Hyderabad,C44998,Visa,Dining,Male,381.28,NetBanking,Reliance,Travel,Approved,BR145
e101545,2026-03-10,Mumbai,C96743,RuPay,Dining,Male,23492.62,NetBanking,IOCL,Fuel,Declined,BR123
e101546,2026-03-31,Vizag,C75541,Amex,Travel,Male,19177.13,NetBanking,Amazon,E-commerce,Declined,BR110
e101547,2026-05-21,Bengaluru,C36216,Amex,Groceries,Male,17384.17,NetBanking,Amazon,E-commerce,Declined,BR129
e101548,2026-02-05,Bengaluru,C36806,Amex,Shopping,Female,882.12,Credit,DMart,Retail,Approved,BR125
e101549,2026-04-13,Vizag,C39538,RuPay,Groceries,Female,17650.03,NetBanking,DMart,Fuel,Approved,BR114
e101550,2026-03-17,Delhi,C77769,Amex,Travel,Male,19312.09,UPI,Zomato,Retail,Approved,BR130
e101551,2026-05-10,Mumbai,C54220,Visa,Utilities,Male,3360.37,UPI,Amazon,Fuel,Declined,BR141
e101552,2026-05-18,Delhi,C10140,RuPay,Dining,Male,9948.31,UPI,Swiggy,Retail,Approved,BR113
e101553,2026-03-21,Chennai,C41498,MasterCard,Utilities,Female,13014.55,UPI,IOCL,Utilities,Declined,BR125
e101554,2026-03-15,Delhi,C35845,Visa,Travel,Male,24401.26,Credit,Zomato,Utilities,Declined,BR140
e101555,2026-04-10,Vizag,C59243,Amex,Utilities,Female,7085.29,Credit,IOCL,Food,Declined,BR112
e101556,2026-02-05,Kolkata,C79930,MasterCard,Shopping,Male,16052.57,Credit,HPCL,Retail,Declined,BR115
e101557,2026-01-11,Kolkata,C53003,RuPay,Shopping,Female,20243.24,UPI,Reliance,Food,Declined,BR102
e101558,2026-05-28,Bengaluru,C87795,MasterCard,Groceries,Female,6644.3,NetBanking,Amazon,Fuel,Approved,BR113
e101559,2026-04-29,Vizag,C78253,RuPay,Travel,Female,17167.23,Credit,Reliance,Retail,Approved,BR135
e101560,2026-01-09,Kolkata,C41964,Amex,Fuel,Female,2571.99,NetBanking,Swiggy,Travel,Approved,BR127
e101561,2026-01-12,Hyderabad,C49508,MasterCard,Utilities,Female,12090.62,NetBanking,Reliance,Utilities,Declined,BR119
e101562,2026-02-27,Kolkata,C94420,MasterCard,Shopping,Male,4029.29,UPI,Reliance,Fuel,Declined,BR138
e101563,2026-05-17,Pune,C39207,RuPay,Shopping,Female,21399.7,UPI,DMart,Retail,Declined,BR117
e101564,2026-02-07,Kolkata,C64956,RuPay,Utilities,Male,7153.39,UPI,Swiggy,E-commerce,Approved,BR122
e101565,2026-05-20,Bengaluru,C98980,RuPay,Dining,Female,20923.43,UPI,IRCTC,Travel,Declined,BR148
e101566,2026-06-17,Bengaluru,C49785,MasterCard,Shopping,Female,22763.26,NetBanking,IRCTC,Travel,Declined,BR109
e101567,2026-04-23,Kolkata,C81130,RuPay,Fuel,Male,18580.52,UPI,DMart,Travel,Approved,BR115
e101568,2026-06-29,Vizag,C84111,Visa,Dining,Male,20024.08,UPI,IOCL,Retail,Approved,BR101
e101569,2026-02-20,Vizag,C15666,RuPay,Fuel,Female,1743.77,NetBanking,Reliance,Fuel,Approved,BR138
e101570,2026-01-18,Vizag,C67385,Amex,Utilities,Female,15292.11,UPI,Swiggy,Utilities,Declined,BR139
e101571,2026-06-27,Vizag,C97126,MasterCard,Shopping,Female,698.97,UPI,IRCTC,Travel,Declined,BR139
e101572,2026-04-16,Hyderabad,C63824,RuPay,Fuel,Female,2831.12,UPI,IRCTC,Food,Declined,BR117
e101573,2026-06-12,Hyderabad,C48713,Visa,Dining,Male,9212.54,Credit,Zomato,Utilities,Approved,BR139
e101574,2026-05-10,Vizag,C24922,RuPay,Shopping,Female,11727.2,NetBanking,HPCL,Fuel,Approved,BR125
e101575,2026-06-01,Kolkata,C20212,MasterCard,Fuel,Male,12465.98,Credit,DMart,E-commerce,Declined,BR101
e101576,2026-03-24,Kolkata,C93272,MasterCard,Travel,Male,11731.7,Credit,Reliance,Travel,Declined,BR147
e101577,2026-01-09,Chennai,C10371,RuPay,Shopping,Male,11112.64,Credit,Swiggy,Food,Declined,BR108
e101578,2026-06-22,Kolkata,C50910,Visa,Groceries,Male,2346.02,UPI,IRCTC,Retail,Declined,BR118
e101579,2026-02-21,Hyderabad,C91622,RuPay,Dining,Female,6477.03,Credit,IRCTC,Fuel,Declined,BR145
e101580,2026-01-10,Mumbai,C15738,RuPay,Utilities,Male,24830.7,Credit,IRCTC,Fuel,Approved,BR147
e101581,2026-02-02,Bengaluru,C11736,RuPay,Shopping,Female,383.9,Credit,Swiggy,Fuel,Approved,BR140
e101582,2026-01-14,Pune,C62033,MasterCard,Utilities,Female,18640.98,Credit,Reliance,E-commerce,Declined,BR125
e101583,2026-02-24,Mumbai,C32883,Visa,Dining,Female,798.13,UPI,Zomato,Food,Declined,BR132
e101584,2026-04-17,Bengaluru,C62860,Amex,Groceries,Male,4453.51,UPI,DMart,Utilities,Declined,BR115
e101585,2026-03-21,Delhi,C25039,Visa,Groceries,Male,3584.79,Credit,IRCTC,Retail,Declined,BR148
e101586,2026-05-26,Chennai,C99779,Amex,Shopping,Male,15556.07,Credit,Zomato,Travel,Approved,BR129
e101587,2026-06-05,Chennai,C55283,Visa,Shopping,Male,12293.03,UPI,IOCL,Food,Declined,BR143
e101588,2026-01-25,Vizag,C42032,RuPay,Shopping,Male,11658.23,UPI,HPCL,Utilities,Approved,BR123
e101589,2026-01-27,Hyderabad,C16604,RuPay,Travel,Male,5339.92,NetBanking,Swiggy,Fuel,Approved,BR102
e101590,2026-02-10,Hyderabad,C88142,RuPay,Dining,Female,21894.53,Credit,IOCL,Retail,Declined,BR106
e101591,2026-01-26,Vizag,C21943,MasterCard,Fuel,Female,21864.4,Credit,IOCL,Utilities,Declined,BR149
e101592,2026-03-20,Hyderabad,C60966,RuPay,Fuel,Male,5234.99,UPI,HPCL,Retail,Declined,BR142
e101593,2026-06-26,Delhi,C38213,RuPay,Fuel,Male,5910.98,NetBanking,DMart,Fuel,Approved,BR144
e101594,2026-06-29,Kolkata,C30258,RuPay,Travel,Male,21152.46,UPI,IRCTC,Utilities,Declined,BR126
e101595,2026-02-27,Bengaluru,C74713,MasterCard,Dining,Male,23112.35,NetBanking,Amazon,Travel,Declined,BR139
e101596,2026-05-07,Chennai,C95097,Visa,Fuel,Male,24978.03,NetBanking,IRCTC,Fuel,Approved,BR124
e101597,2026-01-07,Hyderabad,C60273,Amex,Fuel,Female,20490.59,UPI,Amazon,Fuel,Declined,BR116
e101598,2026-01-28,Mumbai,C94572,Amex,Fuel,Male,8953.96,NetBanking,Amazon,Retail,Approved,BR130
e101599,2026-02-08,Delhi,C15140,Visa,Shopping,Female,3139.03,NetBanking,DMart,Fuel,Declined,BR138
e101600,2026-04-16,Vizag,C84833,Amex,Travel,Male,10311.73,UPI,Zomato,Utilities,Approved,BR102
e101601,2026-03-27,Chennai,C73235,Amex,Shopping,Female,4013.56,Credit,Amazon,Food,Declined,BR124
e101602,2026-03-13,Mumbai,C67194,MasterCard,Travel,Female,5119.52,UPI,Amazon,Travel,Approved,BR143
e101603,2026-01-16,Mumbai,C33161,MasterCard,Travel,Male,20616.33,Credit,IRCTC,Travel,Declined,BR102
e101604,2026-06-21,Bengaluru,C84069,Amex,Dining,Female,5921.04,NetBanking,Zomato,Utilities,Approved,BR150
e101605,2026-03-02,Pune,C76930,Visa,Travel,Female,5006.93,UPI,Swiggy,Utilities,Declined,BR129
e101606,2026-05-11,Vizag,C67493,Visa,Fuel,Female,7428.61,UPI,Zomato,Fuel,Approved,BR104
e101607,2026-02-16,Pune,C99592,RuPay,Travel,Male,3255.58,Credit,IOCL,Food,Approved,BR132
e101608,2026-02-01,Chennai,C53096,Visa,Dining,Male,8193.9,UPI,Swiggy,Travel,Declined,BR123
e101609,2026-03-11,Kolkata,C51975,RuPay,Utilities,Female,11393.46,NetBanking,HPCL,Fuel,Declined,BR142
e101610,2026-06-01,Pune,C84876,MasterCard,Travel,Male,1214.55,UPI,Reliance,Travel,Approved,BR138
e101611,2026-03-19,Mumbai,C47797,MasterCard,Travel,Male,4403.23,NetBanking,Amazon,Fuel,Declined,BR104
e101612,2026-03-08,Bengaluru,C79109,Amex,Groceries,Female,11309.17,Credit,HPCL,Food,Approved,BR128
e101613,2026-03-31,Delhi,C81349,MasterCard,Fuel,Female,570.67,NetBanking,Amazon,Utilities,Approved,BR150
e101614,2026-03-19,Bengaluru,C32649,RuPay,Fuel,Male,15981.55,Credit,Swiggy,Fuel,Declined,BR123
e101615,2026-04-30,Mumbai,C26074,Amex,Shopping,Female,14364.46,NetBanking,Reliance,Retail,Approved,BR144
e101616,2026-01-02,Vizag,C54259,MasterCard,Dining,Female,23516.0,Credit,Reliance,Utilities,Approved,BR132
e101617,2026-04-20,Delhi,C99980,MasterCard,Fuel,Female,19906.63,Credit,IOCL,Retail,Approved,BR135
e101618,2026-01-27,Delhi,C89932,RuPay,Fuel,Female,14817.39,NetBanking,IRCTC,Travel,Approved,BR107
e101619,2026-01-03,Hyderabad,C99733,Amex,Shopping,Female,12980.58,Credit,Amazon,Retail,Approved,BR117
e101620,2026-01-25,Delhi,C42721,RuPay,Utilities,Female,21868.27,Credit,Reliance,Retail,Approved,BR150
e101621,2026-06-25,Kolkata,C75507,MasterCard,Dining,Male,23723.27,Credit,Zomato,E-commerce,Approved,BR115
e101622,2026-02-13,Pune,C13316,Amex,Groceries,Female,1943.23,Credit,Swiggy,Food,Declined,BR112
e101623,2026-06-03,Mumbai,C90755,MasterCard,Shopping,Male,4246.37,UPI,Reliance,Food,Approved,BR101
e101624,2026-02-28,Vizag,C62029,MasterCard,Shopping,Female,20840.41,UPI,DMart,Food,Declined,BR102
e101625,2026-06-29,Chennai,C45813,RuPay,Fuel,Female,9210.0,NetBanking,IOCL,Retail,Declined,BR116
e101626,2026-03-11,Vizag,C80885,MasterCard,Groceries,Female,16828.95,UPI,DMart,Travel,Declined,BR102
e101627,2026-02-19,Hyderabad,C20105,RuPay,Groceries,Female,21221.15,Credit,IOCL,Travel,Declined,BR114
e101628,2026-04-18,Delhi,C41491,Visa,Travel,Female,7879.37,NetBanking,Swiggy,Travel,Approved,BR127
e101629,2026-02-18,Mumbai,C39815,Amex,Utilities,Female,18448.29,Credit,Amazon,Fuel,Approved,BR144
e101630,2026-04-27,Hyderabad,C42425,Visa,Travel,Male,2172.45,Credit,IOCL,E-commerce,Approved,BR107
e101631,2026-02-15,Pune,C22415,Amex,Shopping,Female,13080.16,Credit,IOCL,Fuel,Declined,BR120
e101632,2026-03-14,Vizag,C27432,Visa,Shopping,Male,11517.28,Credit,Reliance,Utilities,Approved,BR121
e101633,2026-02-22,Bengaluru,C58039,Amex,Shopping,Female,7644.55,Credit,Reliance,Fuel,Approved,BR134
e101634,2026-02-03,Mumbai,C23669,RuPay,Travel,Female,23926.82,NetBanking,Swiggy,Retail,Declined,BR111
e101635,2026-05-10,Chennai,C26446,Amex,Travel,Female,21399.98,NetBanking,DMart,E-commerce,Declined,BR146
e101636,2026-01-21,Delhi,C33246,Visa,Dining,Male,18846.62,NetBanking,DMart,Travel,Approved,BR133
e101637,2026-01-16,Delhi,C19685,Visa,Shopping,Female,11435.88,UPI,Reliance,E-commerce,Approved,BR109
e101638,2026-02-23,Pune,C36212,Visa,Dining,Male,9265.53,UPI,IRCTC,Retail,Declined,BR139
e101639,2026-03-29,Kolkata,C96507,Amex,Utilities,Male,2876.66,Credit,DMart,E-commerce,Declined,BR110
e101640,2026-02-11,Vizag,C48440,Amex,Shopping,Female,24970.87,NetBanking,HPCL,Food,Approved,BR139
e101641,2026-06-18,Chennai,C47476,MasterCard,Utilities,Male,13545.59,NetBanking,Amazon,Fuel,Declined,BR109
e101642,2026-05-06,Delhi,C46554,MasterCard,Fuel,Female,14400.6,UPI,IOCL,E-commerce,Declined,BR133
e101643,2026-02-15,Pune,C73599,RuPay,Travel,Male,6672.63,Credit,Amazon,Travel,Declined,BR133
e101644,2026-02-14,Delhi,C29133,Amex,Shopping,Female,13984.37,NetBanking,Reliance,Fuel,Declined,BR143
e101645,2026-06-16,Pune,C47005,RuPay,Groceries,Female,22097.55,NetBanking,HPCL,Retail,Approved,BR109
e101646,2026-05-04,Vizag,C87160,RuPay,Travel,Male,972.91,UPI,Swiggy,Fuel,Declined,BR110
e101647,2026-04-02,Vizag,C31192,MasterCard,Groceries,Female,9002.6,Credit,HPCL,Travel,Approved,BR120
e101648,2026-02-09,Delhi,C31701,RuPay,Utilities,Female,18294.94,Credit,Amazon,Utilities,Declined,BR129
e101649,2026-02-11,Pune,C71143,Amex,Utilities,Male,8391.84,Credit,Swiggy,E-commerce,Approved,BR143
e101650,2026-06-17,Bengaluru,C58100,Amex,Dining,Female,11032.21,UPI,DMart,Fuel,Declined,BR136
e101651,2026-04-12,Mumbai,C96389,Amex,Groceries,Male,12824.36,NetBanking,IOCL,Retail,Declined,BR132
e101652,2026-05-09,Delhi,C27318,Visa,Groceries,Male,6457.03,UPI,Swiggy,Retail,Approved,BR106
e101653,2026-06-30,Bengaluru,C69783,MasterCard,Travel,Female,741.17,UPI,HPCL,Retail,Approved,BR103
e101654,2026-02-04,Chennai,C49062,MasterCard,Utilities,Male,7850.12,UPI,DMart,Fuel,Approved,BR111
e101655,2026-04-05,Hyderabad,C48642,Amex,Utilities,Male,6209.21,UPI,DMart,Fuel,Declined,BR107
e101656,2026-05-04,Chennai,C47221,Amex,Groceries,Male,15631.54,UPI,HPCL,Utilities,Declined,BR114
e101657,2026-02-13,Hyderabad,C21906,Amex,Groceries,Male,9057.56,NetBanking,DMart,Utilities,Approved,BR139
e101658,2026-01-10,Kolkata,C56905,MasterCard,Utilities,Male,9947.21,NetBanking,Zomato,Retail,Declined,BR104
e101659,2026-05-03,Vizag,C76980,RuPay,Travel,Male,488.14,UPI,Swiggy,Food,Approved,BR110
e101660,2026-04-10,Delhi,C67946,Visa,Groceries,Female,20352.25,UPI,Reliance,Utilities,Declined,BR148
e101661,2026-04-28,Mumbai,C98083,RuPay,Dining,Male,14457.51,UPI,HPCL,Travel,Declined,BR120
e101662,2026-06-06,Delhi,C86841,RuPay,Shopping,Male,5618.53,NetBanking,Amazon,Fuel,Approved,BR150
e101663,2026-03-10,Mumbai,C40442,Visa,Shopping,Female,8470.0,UPI,HPCL,E-commerce,Approved,BR145
e101664,2026-02-10,Kolkata,C67346,MasterCard,Travel,Female,4819.73,UPI,Amazon,Utilities,Declined,BR106
e101665,2026-04-23,Delhi,C72257,Visa,Dining,Female,24606.69,UPI,IOCL,E-commerce,Approved,BR122
e101666,2026-05-07,Vizag,C81673,RuPay,Fuel,Female,23599.3,UPI,Reliance,E-commerce,Declined,BR121
e101667,2026-04-21,Vizag,C42046,RuPay,Groceries,Female,24049.09,NetBanking,Reliance,Retail,Approved,BR125
e101668,2026-06-26,Hyderabad,C71652,RuPay,Utilities,Female,18658.31,NetBanking,Reliance,Food,Declined,BR119
e101669,2026-01-03,Kolkata,C24202,RuPay,Groceries,Female,3809.91,UPI,IOCL,Food,Declined,BR107
e101670,2026-01-26,Chennai,C28228,MasterCard,Groceries,Female,1853.93,NetBanking,HPCL,Food,Declined,BR106
e101671,2026-01-07,Delhi,C87663,RuPay,Groceries,Male,8656.41,Credit,HPCL,Utilities,Approved,BR136
e101672,2026-05-31,Delhi,C11995,RuPay,Groceries,Male,6225.11,UPI,Zomato,Retail,Approved,BR118
e101673,2026-01-19,Pune,C35716,Visa,Shopping,Male,19383.62,NetBanking,Amazon,Food,Declined,BR128
e101674,2026-02-17,Kolkata,C54420,Visa,Utilities,Female,3044.8,NetBanking,HPCL,Food,Approved,BR123
e101675,2026-04-04,Mumbai,C15935,RuPay,Groceries,Male,24800.33,UPI,DMart,E-commerce,Declined,BR125
e101676,2026-04-22,Pune,C79129,Visa,Dining,Female,3805.2,UPI,Swiggy,Fuel,Declined,BR134
e101677,2026-04-08,Hyderabad,C37094,RuPay,Fuel,Female,10879.93,UPI,Reliance,E-commerce,Approved,BR121
e101678,2026-05-01,Hyderabad,C72911,Amex,Utilities,Male,17643.66,NetBanking,HPCL,Retail,Declined,BR129
e101679,2026-01-22,Hyderabad,C31940,RuPay,Dining,Male,1290.54,Credit,IRCTC,Travel,Declined,BR121
e101680,2026-05-18,Chennai,C53629,Visa,Utilities,Male,14968.14,UPI,DMart,Food,Declined,BR140
e101681,2026-04-26,Vizag,C32546,Visa,Travel,Male,21565.98,Credit,Reliance,E-commerce,Declined,BR134
e101682,2026-04-09,Bengaluru,C51145,Amex,Fuel,Male,21727.84,UPI,IOCL,Travel,Declined,BR102
e101683,2026-04-21,Mumbai,C11752,RuPay,Travel,Male,13995.62,UPI,HPCL,E-commerce,Approved,BR118
e101684,2026-01-28,Pune,C43888,Visa,Utilities,Male,19564.11,UPI,HPCL,Fuel,Approved,BR132
e101685,2026-01-16,Mumbai,C35429,RuPay,Groceries,Male,24096.13,UPI,IOCL,Travel,Declined,BR104
e101686,2026-03-10,Hyderabad,C89279,RuPay,Fuel,Female,4378.08,NetBanking,Reliance,Travel,Declined,BR135
e101687,2026-06-30,Chennai,C79915,Amex,Utilities,Male,8270.13,UPI,HPCL,Travel,Approved,BR141
e101688,2026-03-21,Hyderabad,C75768,Amex,Fuel,Male,6313.35,UPI,Swiggy,Retail,Declined,BR121
e101689,2026-01-14,Bengaluru,C21969,Amex,Fuel,Male,11086.66,NetBanking,IOCL,Fuel,Approved,BR139
e101690,2026-03-12,Hyderabad,C83367,RuPay,Groceries,Female,7311.1,UPI,Zomato,E-commerce,Declined,BR107
e101691,2026-02-25,Chennai,C91297,Visa,Shopping,Female,22587.71,Credit,HPCL,Retail,Approved,BR149
e101692,2026-02-03,Vizag,C48927,MasterCard,Shopping,Male,20169.62,Credit,Amazon,Utilities,Declined,BR114
e101693,2026-01-16,Delhi,C14280,Amex,Groceries,Male,1366.66,Credit,Swiggy,Fuel,Declined,BR150
e101694,2026-02-12,Delhi,C60913,Visa,Fuel,Male,1628.42,NetBanking,IRCTC,Retail,Declined,BR137
e101695,2026-06-20,Mumbai,C49627,Visa,Groceries,Male,24835.6,NetBanking,HPCL,Travel,Approved,BR120
e101696,2026-01-25,Mumbai,C94677,MasterCard,Shopping,Female,23246.49,NetBanking,IOCL,Travel,Approved,BR104
e101697,2026-01-14,Hyderabad,C86759,RuPay,Groceries,Female,15140.17,Credit,Amazon,Food,Approved,BR124
e101698,2026-05-01,Pune,C41309,RuPay,Shopping,Male,5305.31,UPI,Amazon,Travel,Declined,BR104
e101699,2026-03-09,Pune,C55781,Visa,Utilities,Male,9321.36,NetBanking,HPCL,E-commerce,Declined,BR141
e101700,2026-04-12,Hyderabad,C22430,RuPay,Dining,Male,1745.5,UPI,Zomato,Food,Declined,BR129
e101701,2026-05-31,Bengaluru,C54013,Visa,Travel,Male,7621.09,NetBanking,Reliance,Fuel,Declined,BR107
e101702,2026-06-13,Vizag,C99581,RuPay,Fuel,Male,9550.39,UPI,Swiggy,Travel,Approved,BR105
e101703,2026-04-01,Mumbai,C18512,MasterCard,Fuel,Male,18958.19,NetBanking,IOCL,Travel,Approved,BR108
e101704,2026-02-12,Vizag,C81809,Visa,Groceries,Male,9494.97,NetBanking,Amazon,Travel,Declined,BR133
e101705,2026-03-17,Pune,C89589,MasterCard,Fuel,Male,13859.81,UPI,IOCL,Utilities,Declined,BR125
e101706,2026-03-17,Delhi,C84158,RuPay,Shopping,Female,3182.15,UPI,IOCL,Fuel,Declined,BR118
e101707,2026-01-12,Kolkata,C79561,Visa,Dining,Female,16720.48,UPI,IRCTC,Retail,Approved,BR106
e101708,2026-04-12,Kolkata,C51265,RuPay,Dining,Male,9479.32,NetBanking,Reliance,Food,Declined,BR102
e101709,2026-02-27,Mumbai,C59596,MasterCard,Travel,Female,14448.8,NetBanking,Amazon,Food,Declined,BR128
e101710,2026-06-20,Kolkata,C92574,MasterCard,Dining,Male,18039.46,Credit,Amazon,E-commerce,Declined,BR118
e101711,2026-01-18,Chennai,C53949,Visa,Dining,Female,17803.61,Credit,HPCL,Retail,Declined,BR143
e101712,2026-03-27,Vizag,C56070,RuPay,Utilities,Male,17089.77,Credit,Swiggy,Travel,Approved,BR121
e101713,2026-06-02,Kolkata,C46914,Visa,Utilities,Female,23939.7,NetBanking,Swiggy,Retail,Declined,BR137
e101714,2026-04-11,Chennai,C23717,Visa,Shopping,Male,7272.22,Credit,IOCL,Utilities,Approved,BR104
e101715,2026-05-05,Delhi,C98259,RuPay,Groceries,Male,12336.86,NetBanking,DMart,Retail,Approved,BR141
e101716,2026-04-27,Pune,C14570,Visa,Shopping,Male,425.19,UPI,Amazon,E-commerce,Declined,BR138
e101717,2026-01-10,Hyderabad,C92051,MasterCard,Utilities,Female,15475.83,Credit,IRCTC,E-commerce,Approved,BR149
e101718,2026-02-17,Chennai,C54465,RuPay,Dining,Male,22839.97,UPI,Zomato,E-commerce,Declined,BR133
e101719,2026-06-21,Hyderabad,C91372,RuPay,Utilities,Female,7838.31,NetBanking,Reliance,Utilities,Declined,BR128
e101720,2026-03-21,Delhi,C93981,MasterCard,Shopping,Male,1346.2,Credit,IOCL,E-commerce,Approved,BR115
e101721,2026-03-31,Bengaluru,C87466,Visa,Dining,Female,21700.57,UPI,IRCTC,Utilities,Approved,BR148
e101722,2026-04-15,Chennai,C90199,RuPay,Shopping,Male,5281.73,NetBanking,Reliance,Travel,Approved,BR113
e101723,2026-01-08,Mumbai,C64334,MasterCard,Shopping,Male,7169.07,UPI,IRCTC,Utilities,Approved,BR120
e101724,2026-06-06,Mumbai,C50756,MasterCard,Travel,Female,17715.32,NetBanking,Amazon,E-commerce,Declined,BR103
e101725,2026-01-01,Vizag,C41188,Amex,Shopping,Male,14523.3,NetBanking,HPCL,E-commerce,Approved,BR110
e101726,2026-06-27,Bengaluru,C69165,RuPay,Dining,Male,7775.2,UPI,IOCL,E-commerce,Approved,BR138
e101727,2026-05-02,Bengaluru,C86753,RuPay,Dining,Male,11176.9,Credit,Reliance,Food,Declined,BR118
e101728,2026-05-30,Kolkata,C64042,RuPay,Shopping,Male,19850.11,NetBanking,Reliance,Food,Approved,BR131
e101729,2026-06-20,Delhi,C43219,MasterCard,Groceries,Female,10570.23,NetBanking,Swiggy,Travel,Declined,BR119
e101730,2026-01-05,Chennai,C77529,Amex,Travel,Male,1366.71,UPI,Swiggy,Utilities,Declined,BR147
e101731,2026-04-20,Chennai,C92427,MasterCard,Groceries,Male,14476.88,UPI,IOCL,Travel,Approved,BR149
e101732,2026-05-13,Delhi,C78599,Visa,Fuel,Female,13563.37,NetBanking,Swiggy,Travel,Approved,BR134
e101733,2026-06-05,Mumbai,C95282,RuPay,Shopping,Female,3785.55,NetBanking,Zomato,Travel,Approved,BR113
e101734,2026-04-22,Vizag,C81302,MasterCard,Dining,Male,23921.73,UPI,IRCTC,Utilities,Declined,BR103
e101735,2026-02-17,Vizag,C39986,RuPay,Groceries,Male,22424.01,UPI,Reliance,Travel,Declined,BR134
e101736,2026-04-11,Hyderabad,C42002,Visa,Groceries,Male,13331.77,UPI,IOCL,Fuel,Approved,BR131
e101737,2026-02-04,Pune,C36911,RuPay,Dining,Male,11300.82,UPI,Swiggy,Travel,Approved,BR121
e101738,2026-02-13,Pune,C14152,RuPay,Fuel,Female,18090.17,NetBanking,Amazon,Travel,Declined,BR127
e101739,2026-02-01,Vizag,C93450,Amex,Fuel,Female,9674.25,Credit,Swiggy,Travel,Approved,BR130
e101740,2026-03-23,Delhi,C13244,Amex,Fuel,Female,6054.69,UPI,Reliance,Utilities,Approved,BR147
e101741,2026-01-28,Vizag,C92157,Visa,Dining,Male,22913.52,NetBanking,IRCTC,E-commerce,Declined,BR129
e101742,2026-05-28,Hyderabad,C63073,Amex,Travel,Male,8651.2,NetBanking,IOCL,Food,Declined,BR122
e101743,2026-02-22,Delhi,C85780,Visa,Shopping,Male,23899.14,UPI,HPCL,Food,Declined,BR144
e101744,2026-06-27,Bengaluru,C61714,Amex,Dining,Female,11395.51,Credit,HPCL,Food,Declined,BR102
e101745,2026-03-06,Vizag,C65640,Amex,Utilities,Female,10848.66,NetBanking,DMart,Utilities,Declined,BR129
e101746,2026-06-29,Mumbai,C61588,Amex,Groceries,Female,6209.04,Credit,IRCTC,Travel,Approved,BR126
e101747,2026-05-19,Chennai,C13123,Visa,Travel,Female,22372.88,NetBanking,IOCL,Travel,Declined,BR129
e101748,2026-01-30,Bengaluru,C76630,RuPay,Fuel,Male,664.15,UPI,Zomato,Travel,Approved,BR126
e101749,2026-06-19,Vizag,C38494,Visa,Shopping,Female,9312.12,NetBanking,Swiggy,Utilities,Declined,BR128
e101750,2026-06-15,Pune,C32011,Amex,Travel,Male,8280.01,UPI,DMart,Utilities,Declined,BR113
e101751,2026-03-27,Bengaluru,C95293,RuPay,Utilities,Male,11649.49,Credit,Amazon,E-commerce,Approved,BR125
e101752,2026-03-24,Mumbai,C16259,Visa,Utilities,Female,24677.46,Credit,DMart,Retail,Approved,BR139
e101753,2026-05-26,Delhi,C65879,MasterCard,Dining,Female,22998.25,Credit,DMart,Retail,Approved,BR125
e101754,2026-02-04,Chennai,C56796,Visa,Fuel,Female,17033.14,Credit,Zomato,Travel,Declined,BR103
e101755,2026-05-30,Vizag,C37040,Amex,Travel,Male,219.41,UPI,IRCTC,Travel,Approved,BR142
e101756,2026-02-06,Vizag,C64490,Visa,Groceries,Female,5883.41,Credit,IOCL,Utilities,Approved,BR110
e101757,2026-06-11,Delhi,C16903,RuPay,Travel,Female,12930.55,NetBanking,Reliance,Fuel,Declined,BR148
e101758,2026-02-17,Mumbai,C51917,RuPay,Travel,Female,8413.27,UPI,Zomato,Retail,Declined,BR110
e101759,2026-06-01,Vizag,C75141,MasterCard,Groceries,Male,19841.35,UPI,Swiggy,E-commerce,Approved,BR118
e101760,2026-05-12,Mumbai,C45183,Amex,Utilities,Male,23673.44,Credit,Reliance,Travel,Approved,BR123
e101761,2026-05-31,Delhi,C94932,Amex,Shopping,Female,16366.6,UPI,Amazon,Utilities,Declined,BR139
e101762,2026-02-18,Vizag,C67799,MasterCard,Groceries,Female,4440.78,NetBanking,Swiggy,E-commerce,Declined,BR142
e101763,2026-01-16,Hyderabad,C26326,Amex,Travel,Female,16088.59,Credit,Zomato,E-commerce,Declined,BR105
e101764,2026-02-09,Pune,C76006,Amex,Dining,Female,19217.84,NetBanking,Amazon,Travel,Approved,BR108
e101765,2026-05-31,Kolkata,C83414,RuPay,Utilities,Female,1485.9,Credit,DMart,Fuel,Approved,BR104
e101766,2026-02-28,Hyderabad,C90527,Visa,Shopping,Female,24333.49,NetBanking,Zomato,E-commerce,Declined,BR145
e101767,2026-06-24,Mumbai,C10818,Visa,Groceries,Female,15309.37,NetBanking,HPCL,Food,Approved,BR109
e101768,2026-03-07,Pune,C39977,RuPay,Shopping,Male,23647.68,NetBanking,Zomato,Utilities,Approved,BR123
e101769,2026-03-12,Chennai,C46582,Amex,Fuel,Female,24541.52,NetBanking,Reliance,Food,Declined,BR136
e101770,2026-01-10,Chennai,C60965,Amex,Dining,Male,10718.57,NetBanking,IOCL,Food,Approved,BR125
e101771,2026-02-21,Vizag,C44384,Amex,Utilities,Female,21984.38,Credit,Reliance,Food,Approved,BR147
e101772,2026-04-12,Vizag,C11936,Visa,Travel,Male,4239.84,NetBanking,DMart,Retail,Declined,BR141
e101773,2026-03-27,Delhi,C80838,MasterCard,Utilities,Female,14867.11,NetBanking,Zomato,Fuel,Declined,BR105
e101774,2026-03-04,Hyderabad,C78952,RuPay,Dining,Female,1736.26,Credit,Zomato,Utilities,Approved,BR122
e101775,2026-03-26,Pune,C32377,Visa,Dining,Male,5142.74,Credit,Amazon,Utilities,Declined,BR102
e101776,2026-03-13,Mumbai,C15879,MasterCard,Utilities,Male,21802.03,UPI,Reliance,Utilities,Approved,BR108
e101777,2026-02-09,Kolkata,C36354,RuPay,Dining,Female,20676.9,UPI,IRCTC,Retail,Declined,BR121
e101778,2026-05-06,Bengaluru,C18050,Visa,Shopping,Female,17177.14,UPI,DMart,Fuel,Declined,BR115
e101779,2026-05-14,Bengaluru,C30328,RuPay,Groceries,Male,3393.89,UPI,Zomato,Utilities,Declined,BR122
e101780,2026-04-05,Kolkata,C67566,MasterCard,Dining,Female,22777.98,Credit,IOCL,Utilities,Declined,BR116
e101781,2026-04-21,Bengaluru,C32651,Amex,Shopping,Female,18062.15,NetBanking,Swiggy,Retail,Approved,BR120
e101782,2026-05-18,Pune,C43611,RuPay,Shopping,Female,8236.38,UPI,IOCL,Travel,Approved,BR112
e101783,2026-03-17,Delhi,C67163,Visa,Fuel,Male,6672.38,UPI,Swiggy,Travel,Declined,BR139
e101784,2026-05-08,Bengaluru,C88963,Visa,Utilities,Male,5340.25,Credit,DMart,Utilities,Approved,BR123
e101785,2026-03-15,Delhi,C82332,Amex,Dining,Male,24538.22,NetBanking,DMart,Travel,Approved,BR101
e101786,2026-02-22,Vizag,C80743,RuPay,Utilities,Female,12164.85,NetBanking,Swiggy,Travel,Declined,BR106
e101787,2026-02-24,Bengaluru,C16950,RuPay,Dining,Female,10328.37,UPI,Reliance,Retail,Declined,BR128
e101788,2026-03-09,Bengaluru,C92723,Amex,Dining,Male,791.15,NetBanking,DMart,Fuel,Approved,BR108
e101789,2026-01-06,Pune,C75162,RuPay,Travel,Male,4350.35,Credit,Swiggy,Retail,Declined,BR108
e101790,2026-01-06,Bengaluru,C95345,MasterCard,Travel,Female,10231.88,NetBanking,IRCTC,Retail,Approved,BR145
e101791,2026-05-19,Kolkata,C54664,MasterCard,Fuel,Female,22356.84,Credit,HPCL,Food,Declined,BR105
e101792,2026-01-13,Mumbai,C95004,Visa,Travel,Male,24377.46,Credit,Zomato,E-commerce,Declined,BR127
e101793,2026-06-25,Vizag,C67656,MasterCard,Travel,Female,17925.16,Credit,Reliance,Fuel,Approved,BR133
e101794,2026-05-13,Chennai,C42086,MasterCard,Fuel,Female,23787.48,UPI,Zomato,Fuel,Approved,BR101
e101795,2026-01-06,Chennai,C68805,RuPay,Shopping,Female,9270.51,UPI,IRCTC,Food,Approved,BR146
e101796,2026-04-07,Kolkata,C66903,MasterCard,Shopping,Male,10242.89,UPI,IRCTC,E-commerce,Approved,BR128
e101797,2026-01-07,Vizag,C80062,Amex,Groceries,Female,20994.03,NetBanking,Reliance,Retail,Approved,BR104
e101798,2026-02-18,Hyderabad,C19479,Amex,Groceries,Male,11852.07,Credit,Swiggy,Retail,Declined,BR108
e101799,2026-06-11,Chennai,C23566,MasterCard,Fuel,Female,22453.05,Credit,Zomato,Travel,Approved,BR135
e101800,2026-05-10,Hyderabad,C23665,MasterCard,Groceries,Female,2124.76,Credit,Amazon,Travel,Declined,BR106
e101801,2026-06-29,Delhi,C47179,Visa,Travel,Male,4773.37,UPI,IRCTC,Food,Declined,BR117
e101802,2026-02-04,Vizag,C91719,Visa,Travel,Male,18275.64,UPI,IRCTC,E-commerce,Approved,BR148
e101803,2026-02-25,Delhi,C89934,Amex,Dining,Male,17776.69,NetBanking,HPCL,Travel,Declined,BR126
e101804,2026-04-10,Chennai,C53811,RuPay,Dining,Male,12916.18,Credit,DMart,Travel,Approved,BR130
e101805,2026-06-05,Hyderabad,C44910,RuPay,Shopping,Male,18278.75,NetBanking,IRCTC,Utilities,Approved,BR126
e101806,2026-02-01,Kolkata,C11212,MasterCard,Utilities,Female,19150.13,NetBanking,Swiggy,Fuel,Declined,BR128
e101807,2026-03-12,Bengaluru,C20003,Visa,Dining,Female,14687.86,UPI,Zomato,Retail,Declined,BR108
e101808,2026-02-21,Chennai,C59233,RuPay,Travel,Male,7301.24,UPI,HPCL,Travel,Approved,BR121
e101809,2026-01-21,Mumbai,C46001,MasterCard,Shopping,Female,21344.71,NetBanking,Reliance,E-commerce,Approved,BR136
e101810,2026-02-13,Kolkata,C18587,Visa,Groceries,Male,12705.31,NetBanking,HPCL,Food,Approved,BR145
e101811,2026-01-21,Mumbai,C97471,Amex,Travel,Female,14560.73,Credit,Swiggy,Retail,Declined,BR118
e101812,2026-02-14,Mumbai,C96637,RuPay,Utilities,Female,4705.46,NetBanking,HPCL,Food,Approved,BR146
e101813,2026-03-12,Vizag,C48236,MasterCard,Shopping,Female,158.55,Credit,IOCL,E-commerce,Declined,BR109
e101814,2026-05-15,Mumbai,C83393,MasterCard,Fuel,Female,21429.91,Credit,Reliance,Food,Declined,BR111
e101815,2026-06-25,Vizag,C73780,Amex,Fuel,Female,24227.8,NetBanking,IOCL,Travel,Declined,BR144
e101816,2026-02-20,Mumbai,C49662,MasterCard,Shopping,Male,17981.1,NetBanking,Swiggy,E-commerce,Declined,BR106
e101817,2026-02-09,Vizag,C13883,MasterCard,Utilities,Female,12578.31,NetBanking,Zomato,Travel,Declined,BR116
e101818,2026-01-11,Bengaluru,C73240,RuPay,Utilities,Male,16032.43,UPI,DMart,Travel,Approved,BR110
e101819,2026-03-07,Pune,C15366,MasterCard,Shopping,Female,4041.31,UPI,Zomato,Travel,Approved,BR109
e101820,2026-06-28,Hyderabad,C60451,Visa,Groceries,Female,19679.26,Credit,Swiggy,E-commerce,Declined,BR107
e101821,2026-03-21,Mumbai,C61543,Visa,Travel,Female,9234.83,UPI,Swiggy,Food,Approved,BR147
e101822,2026-05-01,Bengaluru,C73676,MasterCard,Dining,Female,19158.31,NetBanking,HPCL,E-commerce,Declined,BR109
e101823,2026-04-27,Hyderabad,C74407,Visa,Groceries,Male,1390.1,NetBanking,IOCL,Retail,Declined,BR126
e101824,2026-03-08,Vizag,C64457,RuPay,Dining,Female,19802.89,Credit,DMart,Utilities,Approved,BR104
e101825,2026-02-10,Hyderabad,C82747,Amex,Fuel,Male,20107.2,NetBanking,IRCTC,Retail,Approved,BR104
e101826,2026-05-27,Pune,C67786,MasterCard,Travel,Male,5205.38,Credit,IRCTC,Food,Approved,BR150
e101827,2026-04-05,Vizag,C83489,RuPay,Fuel,Male,3675.8,Credit,Amazon,E-commerce,Approved,BR133
e101828,2026-06-22,Bengaluru,C41068,Amex,Fuel,Male,12318.94,NetBanking,DMart,Fuel,Approved,BR114
e101829,2026-06-11,Hyderabad,C24916,RuPay,Groceries,Female,21689.37,Credit,DMart,Food,Approved,BR111
e101830,2026-03-09,Hyderabad,C83342,Visa,Shopping,Female,6636.57,NetBanking,DMart,Fuel,Declined,BR122
e101831,2026-04-30,Delhi,C93523,RuPay,Shopping,Male,22751.42,Credit,Swiggy,Food,Declined,BR117
e101832,2026-05-09,Delhi,C20543,MasterCard,Groceries,Male,6954.03,Credit,HPCL,Retail,Approved,BR123
e101833,2026-03-22,Hyderabad,C98254,Visa,Utilities,Female,22137.89,Credit,IRCTC,Food,Approved,BR148
e101834,2026-04-07,Mumbai,C65738,RuPay,Groceries,Female,2961.83,Credit,IOCL,Utilities,Approved,BR129
e101835,2026-02-16,Bengaluru,C23155,RuPay,Groceries,Male,17544.25,NetBanking,Reliance,Food,Declined,BR132
e101836,2026-05-12,Bengaluru,C17907,RuPay,Travel,Male,18238.52,Credit,Swiggy,Food,Declined,BR143
e101837,2026-06-21,Pune,C19872,RuPay,Travel,Male,8348.89,NetBanking,Swiggy,Utilities,Approved,BR113
e101838,2026-05-01,Pune,C76945,Visa,Utilities,Female,15060.15,Credit,HPCL,Utilities,Approved,BR118
e101839,2026-03-23,Mumbai,C78687,Amex,Travel,Female,21555.27,Credit,IOCL,Utilities,Declined,BR128
e101840,2026-02-14,Mumbai,C81800,RuPay,Groceries,Female,1161.28,Credit,DMart,Fuel,Declined,BR128
e101841,2026-06-16,Mumbai,C73133,Amex,Groceries,Female,327.71,Credit,IRCTC,Food,Approved,BR137
e101842,2026-05-07,Chennai,C21415,Amex,Travel,Female,5268.77,Credit,Swiggy,Travel,Approved,BR114
e101843,2026-02-16,Bengaluru,C56870,Visa,Shopping,Male,7416.5,Credit,Reliance,E-commerce,Approved,BR108
e101844,2026-05-28,Kolkata,C90505,Amex,Shopping,Female,4514.07,Credit,Amazon,Food,Approved,BR115
e101845,2026-01-02,Bengaluru,C39760,MasterCard,Utilities,Female,23741.36,UPI,Zomato,E-commerce,Approved,BR121
e101846,2026-04-12,Delhi,C85449,MasterCard,Dining,Male,14415.26,NetBanking,Reliance,Food,Declined,BR124
e101847,2026-06-18,Chennai,C36500,RuPay,Groceries,Male,440.57,UPI,IRCTC,E-commerce,Approved,BR102
e101848,2026-05-11,Hyderabad,C71435,MasterCard,Dining,Male,19362.99,UPI,IRCTC,Travel,Approved,BR138
e101849,2026-02-08,Vizag,C18601,Amex,Dining,Male,19091.98,NetBanking,Swiggy,Travel,Declined,BR132
e101850,2026-06-16,Pune,C12877,RuPay,Dining,Male,22559.63,Credit,Zomato,Utilities,Declined,BR138
e101851,2026-03-07,Hyderabad,C62814,MasterCard,Shopping,Female,24373.26,Credit,Amazon,Food,Approved,BR132
e101852,2026-04-18,Mumbai,C57763,Amex,Fuel,Male,20929.8,Credit,IOCL,Travel,Declined,BR107
e101853,2026-04-26,Vizag,C48398,MasterCard,Groceries,Female,4300.37,Credit,Zomato,Retail,Declined,BR106
e101854,2026-05-11,Kolkata,C65368,Amex,Shopping,Male,22820.16,Credit,HPCL,Travel,Approved,BR115
e101855,2026-05-20,Bengaluru,C92608,Amex,Dining,Female,19969.34,NetBanking,Zomato,E-commerce,Approved,BR117
e101856,2026-02-19,Chennai,C44137,RuPay,Groceries,Female,5111.13,Credit,Reliance,E-commerce,Approved,BR101
e101857,2026-06-07,Bengaluru,C93768,Visa,Groceries,Female,3480.48,UPI,DMart,E-commerce,Declined,BR145
e101858,2026-06-22,Hyderabad,C68519,Amex,Travel,Female,2096.11,Credit,IRCTC,Retail,Approved,BR107
e101859,2026-04-12,Pune,C24548,RuPay,Fuel,Female,7421.52,NetBanking,Reliance,E-commerce,Approved,BR128
e101860,2026-01-14,Delhi,C91201,Visa,Utilities,Male,1685.59,UPI,Swiggy,Food,Declined,BR144
e101861,2026-06-26,Mumbai,C78935,RuPay,Utilities,Male,24626.31,UPI,Amazon,Fuel,Approved,BR109
e101862,2026-02-28,Delhi,C27533,Amex,Fuel,Male,9162.25,NetBanking,Amazon,Fuel,Declined,BR133
e101863,2026-02-01,Vizag,C18853,MasterCard,Utilities,Female,10395.97,NetBanking,Reliance,Food,Declined,BR134
e101864,2026-03-17,Chennai,C42822,MasterCard,Fuel,Female,6293.9,UPI,Swiggy,Utilities,Approved,BR119
e101865,2026-03-14,Mumbai,C92438,Amex,Travel,Male,2519.17,Credit,IRCTC,Fuel,Declined,BR139
e101866,2026-01-10,Bengaluru,C56651,Visa,Groceries,Female,5554.26,Credit,IOCL,Food,Declined,BR122
e101867,2026-06-08,Bengaluru,C82961,RuPay,Travel,Male,13625.7,NetBanking,DMart,Utilities,Approved,BR145
e101868,2026-06-19,Pune,C13642,Amex,Travel,Male,1112.45,NetBanking,DMart,Travel,Approved,BR132
e101869,2026-05-23,Kolkata,C58804,MasterCard,Groceries,Female,17831.52,UPI,IRCTC,E-commerce,Declined,BR132
e101870,2026-04-26,Kolkata,C38913,MasterCard,Shopping,Female,13697.09,NetBanking,Swiggy,E-commerce,Declined,BR140
e101871,2026-03-26,Kolkata,C60709,Visa,Groceries,Male,20647.83,UPI,Swiggy,Retail,Approved,BR101
e101872,2026-04-14,Hyderabad,C16992,MasterCard,Travel,Male,14258.6,NetBanking,IOCL,E-commerce,Declined,BR128
e101873,2026-06-01,Chennai,C85888,Visa,Utilities,Female,23919.77,Credit,IOCL,Fuel,Declined,BR129
e101874,2026-01-22,Pune,C17917,MasterCard,Shopping,Female,430.93,Credit,HPCL,Retail,Declined,BR133
e101875,2026-02-21,Kolkata,C51844,MasterCard,Utilities,Female,22554.88,NetBanking,Swiggy,Food,Declined,BR107
e101876,2026-01-12,Mumbai,C36287,Visa,Travel,Male,15113.06,NetBanking,Swiggy,Utilities,Declined,BR138
e101877,2026-01-10,Mumbai,C60069,RuPay,Fuel,Male,5877.06,Credit,Zomato,Food,Approved,BR115
e101878,2026-06-22,Hyderabad,C71254,RuPay,Utilities,Male,8035.71,NetBanking,IRCTC,Food,Declined,BR111
e101879,2026-05-07,Kolkata,C53548,RuPay,Fuel,Male,6224.07,UPI,IOCL,Travel,Approved,BR130
e101880,2026-05-17,Delhi,C45903,MasterCard,Utilities,Female,15906.84,NetBanking,Reliance,Utilities,Approved,BR102
e101881,2026-03-28,Delhi,C42420,RuPay,Groceries,Male,7769.54,NetBanking,HPCL,E-commerce,Approved,BR146
e101882,2026-06-19,Vizag,C16441,MasterCard,Groceries,Male,21501.07,NetBanking,Reliance,E-commerce,Declined,BR116
e101883,2026-02-25,Vizag,C15051,MasterCard,Fuel,Female,7520.01,Credit,HPCL,Retail,Approved,BR148
e101884,2026-05-23,Hyderabad,C89331,Amex,Utilities,Male,12474.28,UPI,IRCTC,Fuel,Approved,BR133
e101885,2026-06-07,Chennai,C62240,MasterCard,Groceries,Female,404.27,Credit,IOCL,Fuel,Approved,BR150
e101886,2026-04-25,Kolkata,C12592,MasterCard,Shopping,Male,5731.89,NetBanking,Zomato,Retail,Approved,BR150
e101887,2026-04-06,Vizag,C35170,Amex,Travel,Female,11840.46,Credit,Zomato,E-commerce,Approved,BR127
e101888,2026-04-26,Mumbai,C32520,MasterCard,Groceries,Female,5921.99,NetBanking,Swiggy,Travel,Approved,BR148
e101889,2026-01-05,Pune,C78409,RuPay,Shopping,Male,21681.83,UPI,IRCTC,Fuel,Declined,BR142
e101890,2026-05-01,Bengaluru,C83117,RuPay,Dining,Female,18635.36,NetBanking,IRCTC,Utilities,Declined,BR139
e101891,2026-05-23,Mumbai,C69398,Amex,Groceries,Female,21874.45,NetBanking,Amazon,Food,Declined,BR149
e101892,2026-03-09,Mumbai,C86750,Amex,Utilities,Male,19142.37,Credit,Amazon,Retail,Declined,BR110
e101893,2026-01-02,Delhi,C78541,RuPay,Travel,Female,18265.03,Credit,Swiggy,Fuel,Approved,BR110
e101894,2026-01-27,Kolkata,C76356,Amex,Dining,Male,1216.81,Credit,Swiggy,Utilities,Declined,BR111
e101895,2026-03-30,Mumbai,C25360,MasterCard,Shopping,Male,11383.12,Credit,Amazon,Retail,Declined,BR106
e101896,2026-03-29,Vizag,C81617,RuPay,Shopping,Male,1125.51,NetBanking,Swiggy,Retail,Approved,BR135
e101897,2026-04-10,Pune,C84995,MasterCard,Fuel,Female,22495.17,Credit,Amazon,E-commerce,Approved,BR113
e101898,2026-06-11,Bengaluru,C23795,Amex,Dining,Female,8803.29,UPI,DMart,Utilities,Declined,BR101
e101899,2026-03-10,Kolkata,C94795,MasterCard,Shopping,Female,3387.76,NetBanking,Reliance,E-commerce,Declined,BR132
e101900,2026-03-22,Hyderabad,C37069,Visa,Fuel,Male,22770.16,UPI,DMart,Retail,Declined,BR108
e101901,2026-03-23,Mumbai,C99293,Amex,Groceries,Male,10377.01,UPI,HPCL,Retail,Declined,BR125
e101902,2026-03-03,Hyderabad,C35724,RuPay,Travel,Female,23063.35,UPI,IRCTC,Food,Declined,BR134
e101903,2026-03-29,Pune,C46995,MasterCard,Dining,Male,9970.84,UPI,Swiggy,Travel,Declined,BR122
e101904,2026-06-02,Kolkata,C18506,Visa,Travel,Female,15644.06,NetBanking,Zomato,E-commerce,Approved,BR129
e101905,2026-04-11,Hyderabad,C16918,Visa,Groceries,Male,9321.94,UPI,IOCL,Food,Declined,BR107
e101906,2026-04-16,Hyderabad,C35105,MasterCard,Shopping,Female,12317.93,UPI,IOCL,Utilities,Declined,BR104
e101907,2026-06-21,Pune,C28108,Amex,Utilities,Female,17870.85,Credit,Swiggy,Fuel,Declined,BR147
e101908,2026-06-18,Mumbai,C48799,Visa,Dining,Female,3248.54,NetBanking,Amazon,Food,Declined,BR150
e101909,2026-03-05,Delhi,C52133,Visa,Groceries,Male,3289.57,UPI,Reliance,Food,Approved,BR104
e101910,2026-05-16,Mumbai,C56476,MasterCard,Utilities,Female,21967.19,UPI,Amazon,Fuel,Declined,BR137
e101911,2026-02-06,Vizag,C87107,RuPay,Dining,Female,15321.01,Credit,IRCTC,E-commerce,Approved,BR104
e101912,2026-03-24,Hyderabad,C67129,MasterCard,Dining,Male,10056.84,UPI,IRCTC,Retail,Approved,BR149
e101913,2026-05-08,Vizag,C75478,Amex,Travel,Female,10179.0,Credit,IOCL,Utilities,Approved,BR111
e101914,2026-01-18,Vizag,C27877,Visa,Groceries,Female,2655.07,NetBanking,Zomato,Food,Declined,BR122
e101915,2026-03-13,Hyderabad,C95288,Visa,Dining,Male,20467.2,UPI,Zomato,Food,Declined,BR136
e101916,2026-01-03,Mumbai,C83415,RuPay,Travel,Male,4623.26,Credit,Amazon,Retail,Declined,BR110
e101917,2026-03-12,Pune,C71036,RuPay,Groceries,Male,11380.0,NetBanking,Zomato,E-commerce,Declined,BR141
e101918,2026-06-29,Bengaluru,C87399,RuPay,Utilities,Female,24409.77,Credit,Swiggy,E-commerce,Declined,BR101
e101919,2026-04-30,Delhi,C51393,MasterCard,Travel,Male,23759.14,Credit,IRCTC,E-commerce,Approved,BR106
e101920,2026-02-06,Bengaluru,C58351,Visa,Dining,Female,22816.05,Credit,IRCTC,Travel,Approved,BR141
e101921,2026-06-17,Delhi,C63037,Visa,Groceries,Male,14513.38,Credit,Amazon,Travel,Approved,BR117
e101922,2026-06-14,Vizag,C75646,RuPay,Groceries,Female,12636.77,NetBanking,IOCL,Travel,Declined,BR133
e101923,2026-04-06,Delhi,C74458,Visa,Groceries,Male,9779.37,Credit,DMart,E-commerce,Declined,BR113
e101924,2026-04-05,Vizag,C59844,MasterCard,Fuel,Female,8471.53,UPI,Amazon,Retail,Approved,BR107
e101925,2026-06-18,Kolkata,C21942,Visa,Dining,Female,5898.32,NetBanking,IOCL,Food,Approved,BR130
e101926,2026-02-16,Kolkata,C88391,MasterCard,Shopping,Male,12496.41,Credit,Reliance,Retail,Approved,BR105
e101927,2026-02-10,Delhi,C93733,RuPay,Travel,Male,9414.94,UPI,IRCTC,Utilities,Declined,BR132
e101928,2026-01-14,Delhi,C95769,RuPay,Travel,Female,12184.68,Credit,Zomato,Retail,Declined,BR127
e101929,2026-03-10,Kolkata,C43068,RuPay,Fuel,Male,4930.04,Credit,HPCL,Retail,Declined,BR104
e101930,2026-05-29,Bengaluru,C23675,Amex,Utilities,Female,9283.66,NetBanking,Swiggy,Retail,Approved,BR109
e101931,2026-04-27,Mumbai,C93010,Visa,Shopping,Male,10521.66,UPI,Swiggy,E-commerce,Approved,BR146
e101932,2026-03-25,Kolkata,C97918,MasterCard,Fuel,Female,12409.91,Credit,Reliance,Travel,Declined,BR118
e101933,2026-04-14,Pune,C30825,RuPay,Groceries,Female,22460.61,NetBanking,IRCTC,E-commerce,Declined,BR135
e101934,2026-02-24,Bengaluru,C58280,MasterCard,Utilities,Male,15775.88,Credit,DMart,Fuel,Declined,BR129
e101935,2026-03-05,Vizag,C85722,Visa,Travel,Female,19561.82,NetBanking,Reliance,Travel,Approved,BR126
e101936,2026-04-13,Mumbai,C32701,Visa,Travel,Male,8727.87,NetBanking,HPCL,Retail,Approved,BR113
e101937,2026-02-20,Pune,C25166,MasterCard,Groceries,Female,20715.77,NetBanking,IRCTC,Retail,Declined,BR147
e101938,2026-05-26,Kolkata,C26563,Amex,Dining,Male,4322.32,NetBanking,HPCL,Utilities,Declined,BR145
e101939,2026-06-25,Chennai,C35934,MasterCard,Utilities,Male,4432.3,UPI,HPCL,Fuel,Declined,BR110
e101940,2026-04-30,Kolkata,C90112,Visa,Groceries,Male,16534.81,UPI,Swiggy,Travel,Declined,BR122
e101941,2026-01-25,Delhi,C42296,RuPay,Utilities,Male,17432.39,NetBanking,Swiggy,Food,Approved,BR141
e101942,2026-06-26,Vizag,C27349,Visa,Shopping,Male,17097.48,Credit,DMart,Food,Declined,BR119
e101943,2026-05-10,Chennai,C60003,Visa,Utilities,Male,8185.63,NetBanking,IOCL,Food,Approved,BR108
e101944,2026-05-22,Mumbai,C13416,Amex,Groceries,Male,12948.88,UPI,HPCL,Utilities,Declined,BR124
e101945,2026-05-15,Delhi,C92353,Visa,Dining,Male,21298.44,Credit,Zomato,Retail,Approved,BR132
e101946,2026-06-23,Chennai,C52683,MasterCard,Shopping,Male,23951.98,Credit,Zomato,E-commerce,Approved,BR110
e101947,2026-06-29,Bengaluru,C14766,RuPay,Travel,Male,6075.14,NetBanking,Zomato,Fuel,Approved,BR102
e101948,2026-01-27,Delhi,C77576,RuPay,Fuel,Female,8396.43,NetBanking,Amazon,Retail,Declined,BR115
e101949,2026-03-14,Kolkata,C69304,MasterCard,Fuel,Male,22265.36,NetBanking,HPCL,Fuel,Approved,BR111
e101950,2026-01-26,Vizag,C23461,RuPay,Groceries,Female,15042.73,Credit,Zomato,Fuel,Declined,BR112
e101951,2026-05-27,Delhi,C93844,RuPay,Utilities,Male,3633.5,Credit,Swiggy,Retail,Approved,BR126
e101952,2026-06-05,Hyderabad,C86383,MasterCard,Dining,Female,21660.42,NetBanking,Zomato,Travel,Approved,BR109
e101953,2026-03-02,Vizag,C95600,MasterCard,Dining,Male,15959.36,NetBanking,Amazon,Retail,Declined,BR121
e101954,2026-02-05,Hyderabad,C38132,Amex,Groceries,Male,20863.68,Credit,DMart,E-commerce,Approved,BR146
e101955,2026-06-21,Bengaluru,C25994,MasterCard,Shopping,Female,9151.65,NetBanking,IOCL,Travel,Approved,BR120
e101956,2026-04-01,Pune,C18153,Amex,Utilities,Male,12357.32,NetBanking,Swiggy,E-commerce,Declined,BR110
e101957,2026-05-10,Vizag,C36682,Visa,Groceries,Male,4242.21,Credit,Reliance,Retail,Declined,BR137
e101958,2026-05-07,Pune,C51645,RuPay,Utilities,Male,2845.11,UPI,HPCL,Fuel,Approved,BR148
e101959,2026-05-23,Pune,C51303,RuPay,Fuel,Female,5525.22,UPI,HPCL,Fuel,Declined,BR132
e101960,2026-06-08,Delhi,C18510,Visa,Groceries,Male,20316.17,NetBanking,IRCTC,Fuel,Approved,BR101
e101961,2026-06-24,Mumbai,C79343,Visa,Groceries,Male,329.27,NetBanking,Swiggy,Fuel,Approved,BR135
e101962,2026-02-08,Hyderabad,C12311,RuPay,Groceries,Female,2235.17,NetBanking,Swiggy,Retail,Approved,BR130
e101963,2026-05-18,Bengaluru,C25246,Visa,Groceries,Male,844.35,NetBanking,Amazon,Food,Approved,BR117
e101964,2026-03-10,Vizag,C39454,Amex,Travel,Female,3522.29,NetBanking,HPCL,Food,Approved,BR130
e101965,2026-06-25,Chennai,C26716,MasterCard,Shopping,Male,11043.63,Credit,Reliance,Utilities,Approved,BR109
e101966,2026-03-13,Kolkata,C55690,MasterCard,Dining,Male,5336.62,Credit,Swiggy,Food,Declined,BR116
e101967,2026-06-27,Delhi,C81109,Amex,Shopping,Female,20947.65,UPI,IRCTC,Fuel,Declined,BR136
e101968,2026-05-25,Vizag,C16993,Visa,Groceries,Female,14594.88,UPI,HPCL,Travel,Declined,BR145
e101969,2026-03-02,Bengaluru,C35569,MasterCard,Travel,Female,18416.81,NetBanking,Reliance,Food,Approved,BR101
e101970,2026-03-30,Chennai,C41491,MasterCard,Dining,Male,14911.14,UPI,DMart,Travel,Declined,BR123
e101971,2026-03-10,Bengaluru,C27218,MasterCard,Travel,Male,6202.12,NetBanking,HPCL,Fuel,Declined,BR106
e101972,2026-01-20,Chennai,C32650,Amex,Utilities,Female,1797.6,NetBanking,Swiggy,Travel,Approved,BR104
e101973,2026-03-17,Hyderabad,C48904,MasterCard,Groceries,Female,2002.93,UPI,Zomato,E-commerce,Declined,BR133
e101974,2026-04-12,Bengaluru,C32773,RuPay,Groceries,Female,5557.99,Credit,Zomato,Food,Approved,BR126
e101975,2026-04-15,Chennai,C26347,Amex,Shopping,Male,5977.75,NetBanking,IOCL,E-commerce,Declined,BR118
e101976,2026-06-27,Mumbai,C23769,Amex,Utilities,Male,5893.03,UPI,IOCL,Travel,Approved,BR114
e101977,2026-01-01,Chennai,C86350,Amex,Utilities,Male,11834.03,Credit,HPCL,Retail,Declined,BR142
e101978,2026-01-26,Chennai,C40934,Visa,Utilities,Male,904.45,Credit,DMart,Utilities,Approved,BR129
e101979,2026-02-02,Chennai,C93450,Visa,Utilities,Female,7591.49,NetBanking,IRCTC,Food,Declined,BR138
e101980,2026-01-31,Pune,C96432,MasterCard,Dining,Female,11587.37,NetBanking,IRCTC,Utilities,Approved,BR120
e101981,2026-04-11,Delhi,C14810,Amex,Utilities,Female,7586.52,NetBanking,IOCL,Utilities,Approved,BR120
e101982,2026-05-04,Hyderabad,C20697,MasterCard,Dining,Male,10027.79,Credit,IRCTC,Food,Declined,BR130
e101983,2026-06-16,Pune,C15254,Amex,Travel,Male,16534.11,NetBanking,Amazon,Travel,Approved,BR149
e101984,2026-04-09,Chennai,C51419,MasterCard,Groceries,Male,3736.63,UPI,Amazon,Retail,Approved,BR122
e101985,2026-06-18,Kolkata,C87346,MasterCard,Groceries,Female,14753.56,Credit,IOCL,Food,Approved,BR148
e101986,2026-05-26,Pune,C70194,RuPay,Dining,Male,14966.7,UPI,Reliance,E-commerce,Approved,BR114
e101987,2026-01-18,Mumbai,C18295,RuPay,Travel,Male,6800.5,Credit,IOCL,Retail,Declined,BR114
e101988,2026-05-23,Bengaluru,C49588,MasterCard,Fuel,Male,21143.23,UPI,IRCTC,Retail,Declined,BR138
e101989,2026-04-09,Bengaluru,C95035,Visa,Groceries,Male,16524.96,NetBanking,IOCL,Travel,Approved,BR135
e101990,2026-02-17,Hyderabad,C17607,Visa,Groceries,Male,13687.64,Credit,Reliance,E-commerce,Declined,BR108
e101991,2026-01-12,Vizag,C53673,MasterCard,Groceries,Male,3002.81,UPI,Amazon,Fuel,Approved,BR131
e101992,2026-05-28,Hyderabad,C20058,Visa,Travel,Female,16496.79,UPI,Zomato,Travel,Approved,BR108
e101993,2026-05-31,Vizag,C92816,RuPay,Shopping,Male,13063.34,NetBanking,DMart,Food,Approved,BR116
e101994,2026-05-12,Kolkata,C24925,RuPay,Fuel,Male,19256.65,NetBanking,Reliance,Travel,Approved,BR144
e101995,2026-01-10,Pune,C59111,RuPay,Shopping,Female,13709.2,Credit,Zomato,Retail,Approved,BR107
e101996,2026-03-10,Kolkata,C58110,Amex,Travel,Male,2956.26,NetBanking,HPCL,Retail,Declined,BR103
e101997,2026-02-01,Mumbai,C25882,Amex,Travel,Male,15479.61,Credit,IOCL,Food,Declined,BR106
e101998,2026-01-07,Bengaluru,C78530,Visa,Dining,Female,21109.84,Credit,Amazon,Fuel,Approved,BR150
e101999,2026-03-19,Kolkata,C37059,Amex,Travel,Female,13958.84,UPI,Amazon,Utilities,Declined,BR138
e102000,2026-02-07,Delhi,C60894,Amex,Groceries,Male,13123.8,NetBanking,IRCTC,Food,Approved,BR132
e102001,2026-03-01,Mumbai,C50905,RuPay,Groceries,Female,21896.32,NetBanking,IRCTC,Fuel,Approved,BR122
e102002,2026-05-22,Delhi,C50039,MasterCard,Utilities,Male,9103.93,UPI,IOCL,Retail,Declined,BR123
e102003,2026-03-20,Mumbai,C45948,Visa,Fuel,Male,9788.1,Credit,Swiggy,Utilities,Approved,BR134
e102004,2026-03-25,Bengaluru,C33575,RuPay,Utilities,Male,1323.28,NetBanking,Amazon,Food,Approved,BR130
e102005,2026-04-26,Pune,C34486,RuPay,Travel,Male,19783.89,UPI,HPCL,Utilities,Approved,BR113
e102006,2026-02-10,Bengaluru,C58899,MasterCard,Travel,Male,20709.36,UPI,DMart,Fuel,Declined,BR125
e102007,2026-02-17,Delhi,C48871,Amex,Groceries,Female,21312.35,Credit,HPCL,Food,Declined,BR103
e102008,2026-05-23,Delhi,C42271,RuPay,Fuel,Male,4445.73,UPI,DMart,Utilities,Approved,BR123
e102009,2026-06-21,Bengaluru,C11984,Amex,Shopping,Male,19268.64,UPI,HPCL,Fuel,Approved,BR118
e102010,2026-02-15,Bengaluru,C98816,MasterCard,Dining,Male,20566.09,Credit,IOCL,Utilities,Approved,BR124
e102011,2026-02-26,Kolkata,C47754,MasterCard,Utilities,Female,17540.98,NetBanking,Zomato,Utilities,Declined,BR133
e102012,2026-02-09,Chennai,C97574,Visa,Shopping,Male,929.71,NetBanking,Zomato,Travel,Declined,BR112
e102013,2026-05-27,Delhi,C66154,Amex,Fuel,Female,8954.71,UPI,Reliance,Utilities,Approved,BR135
e102014,2026-06-06,Chennai,C49647,Amex,Shopping,Female,23624.67,Credit,Swiggy,Fuel,Approved,BR120
e102015,2026-01-14,Bengaluru,C92127,Visa,Travel,Male,20149.47,NetBanking,Amazon,Retail,Approved,BR117
e102016,2026-04-13,Kolkata,C24030,RuPay,Travel,Male,1447.12,UPI,Amazon,E-commerce,Approved,BR109
e102017,2026-06-22,Bengaluru,C29483,RuPay,Dining,Female,9377.29,NetBanking,IRCTC,Food,Declined,BR144
e102018,2026-05-18,Chennai,C86289,Amex,Utilities,Female,371.75,Credit,Reliance,Utilities,Declined,BR150
e102019,2026-01-07,Pune,C79184,MasterCard,Groceries,Male,8216.79,NetBanking,Swiggy,Utilities,Declined,BR134
e102020,2026-03-19,Pune,C63203,Amex,Utilities,Female,20222.79,Credit,Reliance,E-commerce,Approved,BR133
e102021,2026-04-17,Mumbai,C37765,MasterCard,Travel,Female,4797.24,UPI,Zomato,Fuel,Approved,BR127
e102022,2026-02-05,Kolkata,C96361,Visa,Dining,Female,1920.46,UPI,Swiggy,Travel,Approved,BR127
e102023,2026-01-10,Pune,C19814,Visa,Shopping,Male,16107.71,NetBanking,Reliance,Fuel,Declined,BR116
e102024,2026-06-27,Vizag,C13402,RuPay,Utilities,Female,4196.15,UPI,Amazon,Fuel,Declined,BR120
e102025,2026-01-30,Delhi,C57771,Visa,Dining,Male,21791.11,Credit,Amazon,E-commerce,Approved,BR114
e102026,2026-06-27,Mumbai,C14369,Visa,Travel,Female,23242.02,NetBanking,Reliance,Utilities,Declined,BR131
e102027,2026-03-17,Bengaluru,C50764,MasterCard,Travel,Female,23204.82,UPI,IRCTC,Fuel,Declined,BR140
e102028,2026-04-04,Vizag,C21976,MasterCard,Dining,Female,10736.05,NetBanking,HPCL,Food,Declined,BR107
e102029,2026-04-18,Kolkata,C13254,Visa,Travel,Female,9762.91,NetBanking,IRCTC,E-commerce,Declined,BR127
e102030,2026-04-10,Hyderabad,C45614,Amex,Travel,Female,18550.81,UPI,DMart,Fuel,Declined,BR134
e102031,2026-01-21,Vizag,C72754,MasterCard,Dining,Male,1023.02,NetBanking,Swiggy,E-commerce,Approved,BR105
e102032,2026-03-04,Hyderabad,C48175,MasterCard,Travel,Female,18398.2,NetBanking,DMart,Travel,Approved,BR118
e102033,2026-06-19,Bengaluru,C90927,Amex,Fuel,Female,16010.06,Credit,DMart,E-commerce,Approved,BR109
e102034,2026-01-27,Hyderabad,C83699,Visa,Travel,Female,16825.24,NetBanking,Reliance,E-commerce,Declined,BR144
e102035,2026-02-01,Mumbai,C72756,Amex,Utilities,Female,22278.59,Credit,Amazon,E-commerce,Declined,BR115
e102036,2026-02-05,Hyderabad,C29582,MasterCard,Groceries,Female,23009.31,UPI,DMart,E-commerce,Declined,BR121
e102037,2026-04-07,Chennai,C20508,Amex,Groceries,Male,22835.26,Credit,IRCTC,Fuel,Approved,BR141
e102038,2026-04-20,Vizag,C26101,RuPay,Groceries,Female,18045.09,Credit,DMart,Retail,Declined,BR108
e102039,2026-02-10,Pune,C51816,Visa,Utilities,Female,16900.82,UPI,DMart,Fuel,Declined,BR141
e102040,2026-02-16,Delhi,C27655,MasterCard,Dining,Male,12690.06,Credit,Amazon,Travel,Approved,BR127
e102041,2026-05-05,Bengaluru,C34275,MasterCard,Utilities,Female,2309.52,UPI,Zomato,Utilities,Declined,BR146
e102042,2026-01-15,Pune,C21517,MasterCard,Shopping,Male,24742.59,Credit,DMart,Fuel,Approved,BR105
e102043,2026-05-22,Bengaluru,C95826,Amex,Shopping,Female,21177.39,Credit,IRCTC,E-commerce,Declined,BR138
e102044,2026-01-09,Delhi,C76117,Amex,Utilities,Female,24238.3,UPI,IOCL,Fuel,Declined,BR114
e102045,2026-04-30,Chennai,C85547,RuPay,Utilities,Male,11802.89,Credit,DMart,E-commerce,Approved,BR121
e102046,2026-05-14,Kolkata,C93939,Visa,Dining,Male,22553.2,UPI,Swiggy,Fuel,Approved,BR119
e102047,2026-04-03,Hyderabad,C73221,MasterCard,Utilities,Female,1344.1,NetBanking,Swiggy,Fuel,Declined,BR109
e102048,2026-05-01,Bengaluru,C97191,Amex,Utilities,Male,19012.4,UPI,HPCL,E-commerce,Declined,BR134
e102049,2026-03-17,Bengaluru,C69940,MasterCard,Fuel,Female,24619.9,NetBanking,DMart,Retail,Approved,BR145
e102050,2026-01-16,Bengaluru,C32060,Visa,Utilities,Male,13404.77,NetBanking,HPCL,Travel,Declined,BR137
e102051,2026-01-16,Mumbai,C37223,RuPay,Fuel,Male,4232.64,NetBanking,HPCL,Fuel,Declined,BR114
e102052,2026-06-03,Chennai,C93846,RuPay,Shopping,Female,4788.43,UPI,IRCTC,Fuel,Approved,BR104
e102053,2026-05-18,Mumbai,C89297,Amex,Groceries,Male,19610.16,Credit,IOCL,Utilities,Approved,BR101
e102054,2026-01-25,Pune,C47671,RuPay,Fuel,Male,755.9,NetBanking,IOCL,Food,Declined,BR149
e102055,2026-04-03,Chennai,C46140,Amex,Travel,Male,19404.97,NetBanking,Reliance,Utilities,Approved,BR132
e102056,2026-02-12,Chennai,C13151,MasterCard,Utilities,Female,19591.95,NetBanking,HPCL,Fuel,Declined,BR141
e102057,2026-06-29,Pune,C13263,MasterCard,Utilities,Male,17162.6,UPI,Swiggy,Utilities,Declined,BR112
e102058,2026-04-27,Chennai,C65124,Amex,Dining,Male,1396.68,NetBanking,HPCL,Food,Approved,BR108
e102059,2026-05-08,Pune,C55899,RuPay,Travel,Female,15011.42,Credit,Swiggy,Food,Declined,BR131
e102060,2026-05-13,Delhi,C29366,Visa,Groceries,Female,12069.56,NetBanking,DMart,Retail,Declined,BR137
e102061,2026-02-08,Chennai,C84181,RuPay,Shopping,Female,15043.53,UPI,DMart,Travel,Approved,BR136
e102062,2026-04-16,Mumbai,C38743,Amex,Dining,Female,4887.43,Credit,IRCTC,Travel,Approved,BR142
e102063,2026-04-24,Hyderabad,C49713,Visa,Groceries,Male,1709.66,UPI,IRCTC,Food,Declined,BR125
e102064,2026-02-04,Bengaluru,C26213,RuPay,Shopping,Female,20192.15,NetBanking,Amazon,Fuel,Declined,BR114
e102065,2026-04-26,Vizag,C60975,MasterCard,Dining,Male,20835.47,UPI,Reliance,Travel,Approved,BR132
e102066,2026-06-28,Kolkata,C63272,Visa,Utilities,Male,10781.09,Credit,Reliance,Food,Approved,BR128
e102067,2026-02-10,Chennai,C12241,Amex,Groceries,Female,13707.25,NetBanking,Swiggy,Retail,Approved,BR149
e102068,2026-06-23,Vizag,C60190,RuPay,Groceries,Male,524.82,Credit,DMart,Fuel,Approved,BR131
e102069,2026-03-16,Mumbai,C43198,Amex,Dining,Female,9467.56,Credit,HPCL,Retail,Declined,BR112
e102070,2026-06-27,Delhi,C72629,Visa,Travel,Female,13801.7,NetBanking,Amazon,Utilities,Declined,BR150
e102071,2026-03-05,Kolkata,C31895,MasterCard,Shopping,Male,21628.07,UPI,Zomato,Travel,Declined,BR101
e102072,2026-03-06,Mumbai,C30482,Amex,Groceries,Male,4141.66,Credit,IRCTC,E-commerce,Approved,BR145
e102073,2026-04-29,Hyderabad,C15863,RuPay,Dining,Female,4944.01,Credit,Reliance,Fuel,Declined,BR142
e102074,2026-02-04,Chennai,C95133,MasterCard,Fuel,Female,21054.4,NetBanking,Reliance,Fuel,Approved,BR134
e102075,2026-06-16,Hyderabad,C50397,Visa,Fuel,Male,5512.95,NetBanking,DMart,Retail,Declined,BR145
e102076,2026-04-17,Hyderabad,C80411,Amex,Utilities,Male,15992.82,NetBanking,Amazon,Travel,Approved,BR115
e102077,2026-05-21,Chennai,C93726,Visa,Groceries,Male,11229.22,NetBanking,Swiggy,Utilities,Declined,BR141
e102078,2026-02-13,Kolkata,C67350,MasterCard,Groceries,Male,10954.71,NetBanking,Reliance,Retail,Approved,BR104
e102079,2026-05-14,Chennai,C25233,Visa,Utilities,Female,7526.56,Credit,Amazon,Utilities,Approved,BR109
e102080,2026-01-14,Delhi,C34305,RuPay,Shopping,Female,20091.89,UPI,Reliance,E-commerce,Declined,BR119
e102081,2026-05-08,Chennai,C48366,Amex,Fuel,Male,24003.27,UPI,IOCL,Retail,Approved,BR117
e102082,2026-03-20,Hyderabad,C42191,Visa,Shopping,Male,16726.47,UPI,IRCTC,Utilities,Declined,BR116
e102083,2026-04-05,Pune,C76004,RuPay,Dining,Female,22457.59,UPI,DMart,Travel,Declined,BR124
e102084,2026-05-08,Bengaluru,C19526,MasterCard,Utilities,Female,1376.94,NetBanking,HPCL,Food,Approved,BR105
e102085,2026-02-10,Bengaluru,C76659,RuPay,Fuel,Male,5218.98,UPI,HPCL,Fuel,Approved,BR126
e102086,2026-05-08,Bengaluru,C72938,Visa,Travel,Male,198.04,Credit,Amazon,Travel,Declined,BR134
e102087,2026-03-05,Bengaluru,C97576,MasterCard,Shopping,Female,1391.2,Credit,Reliance,Fuel,Declined,BR143
e102088,2026-05-04,Bengaluru,C27879,Visa,Shopping,Female,19900.91,UPI,Reliance,Travel,Declined,BR144
e102089,2026-06-26,Chennai,C13887,RuPay,Dining,Male,3590.89,UPI,Zomato,Food,Approved,BR131
e102090,2026-01-15,Bengaluru,C14079,MasterCard,Shopping,Female,2358.71,Credit,HPCL,Fuel,Approved,BR123
e102091,2026-04-20,Pune,C99661,RuPay,Utilities,Male,10810.4,UPI,IRCTC,Utilities,Declined,BR138
e102092,2026-04-26,Delhi,C84490,RuPay,Utilities,Male,18306.34,UPI,HPCL,Retail,Declined,BR125
e102093,2026-03-16,Chennai,C69536,Amex,Groceries,Male,4459.96,Credit,Reliance,E-commerce,Approved,BR145
e102094,2026-04-27,Chennai,C98593,RuPay,Shopping,Female,3169.12,UPI,Swiggy,Food,Approved,BR136
e102095,2026-04-07,Delhi,C26728,Amex,Utilities,Male,20786.15,NetBanking,Swiggy,Retail,Approved,BR107
e102096,2026-01-15,Mumbai,C29960,MasterCard,Travel,Male,7362.5,UPI,DMart,Food,Declined,BR129
e102097,2026-02-16,Chennai,C78463,RuPay,Shopping,Male,11236.67,Credit,IOCL,Food,Approved,BR115
e102098,2026-03-07,Delhi,C62272,Visa,Fuel,Female,1221.99,UPI,IOCL,Travel,Declined,BR142
e102099,2026-01-03,Bengaluru,C72405,Visa,Groceries,Female,6964.65,Credit,DMart,Utilities,Declined,BR123
e102100,2026-01-09,Kolkata,C28199,Visa,Dining,Male,1914.19,UPI,DMart,Food,Approved,BR135
e102101,2026-02-27,Hyderabad,C72409,MasterCard,Travel,Male,3333.41,Credit,IOCL,Travel,Approved,BR102
e102102,2026-01-08,Vizag,C35811,Amex,Groceries,Female,10631.89,NetBanking,HPCL,Utilities,Declined,BR124
e102103,2026-05-09,Mumbai,C64263,MasterCard,Fuel,Male,641.73,NetBanking,DMart,Fuel,Declined,BR124
e102104,2026-05-11,Hyderabad,C51320,Amex,Shopping,Female,14168.65,Credit,DMart,E-commerce,Declined,BR141
e102105,2026-02-07,Pune,C22672,RuPay,Dining,Female,7673.51,UPI,Zomato,Travel,Declined,BR124
e102106,2026-04-11,Delhi,C13657,Visa,Utilities,Male,10967.43,Credit,Reliance,Utilities,Approved,BR116
e102107,2026-03-07,Pune,C18660,MasterCard,Travel,Male,2953.98,UPI,Amazon,Utilities,Approved,BR122
e102108,2026-01-27,Bengaluru,C81618,Visa,Utilities,Female,15620.61,Credit,HPCL,E-commerce,Approved,BR117
e102109,2026-03-05,Vizag,C79210,RuPay,Travel,Female,4874.47,UPI,Zomato,Retail,Declined,BR118
e102110,2026-01-25,Bengaluru,C97108,Visa,Fuel,Male,22319.78,NetBanking,Amazon,E-commerce,Approved,BR118
e102111,2026-01-25,Vizag,C74209,RuPay,Shopping,Male,17521.9,Credit,Amazon,Retail,Approved,BR107
e102112,2026-01-30,Chennai,C55020,MasterCard,Shopping,Female,6560.45,UPI,Swiggy,E-commerce,Declined,BR112
e102113,2026-04-26,Vizag,C83591,MasterCard,Shopping,Male,20098.12,UPI,IRCTC,E-commerce,Declined,BR112
e102114,2026-06-28,Vizag,C17672,RuPay,Groceries,Male,8562.1,NetBanking,DMart,Travel,Approved,BR142
e102115,2026-02-12,Bengaluru,C31325,Visa,Utilities,Female,18204.19,Credit,DMart,Food,Declined,BR142
e102116,2026-06-16,Vizag,C53450,MasterCard,Utilities,Female,6355.96,UPI,Zomato,Food,Approved,BR141
e102117,2026-06-09,Pune,C37405,Visa,Dining,Male,5714.58,NetBanking,DMart,Travel,Declined,BR148
e102118,2026-03-29,Mumbai,C79626,MasterCard,Utilities,Male,17153.57,Credit,Reliance,Fuel,Approved,BR139
e102119,2026-04-13,Bengaluru,C45156,Visa,Travel,Male,15464.72,Credit,IRCTC,E-commerce,Approved,BR145
e102120,2026-02-18,Pune,C95849,Amex,Travel,Female,9066.04,UPI,IOCL,Retail,Declined,BR102
e102121,2026-05-23,Kolkata,C68914,Visa,Groceries,Male,11995.3,UPI,Swiggy,Travel,Declined,BR127
e102122,2026-05-03,Pune,C29170,Amex,Fuel,Male,16676.12,Credit,Amazon,Retail,Declined,BR101
e102123,2026-06-04,Bengaluru,C93089,RuPay,Utilities,Female,5558.98,Credit,DMart,Travel,Approved,BR117
e102124,2026-05-21,Vizag,C48519,Visa,Fuel,Female,1861.06,NetBanking,IRCTC,Travel,Declined,BR142
e102125,2026-04-09,Hyderabad,C38353,Visa,Dining,Male,21173.66,UPI,IOCL,E-commerce,Approved,BR114
e102126,2026-02-15,Bengaluru,C33435,RuPay,Fuel,Female,9705.38,NetBanking,IOCL,Travel,Approved,BR122
e102127,2026-02-22,Mumbai,C92558,RuPay,Shopping,Female,16607.82,Credit,HPCL,Fuel,Approved,BR110
e102128,2026-01-20,Hyderabad,C95201,MasterCard,Utilities,Male,20156.16,NetBanking,Swiggy,Utilities,Declined,BR103
e102129,2026-01-27,Kolkata,C57449,Amex,Utilities,Male,19173.06,NetBanking,Reliance,E-commerce,Declined,BR147
e102130,2026-06-24,Kolkata,C28125,MasterCard,Groceries,Male,10804.9,Credit,Reliance,E-commerce,Declined,BR144
e102131,2026-04-06,Delhi,C76358,RuPay,Groceries,Female,8148.44,NetBanking,HPCL,Fuel,Approved,BR136
e102132,2026-06-25,Kolkata,C26729,MasterCard,Travel,Female,19186.02,UPI,HPCL,Travel,Declined,BR135
e102133,2026-01-25,Vizag,C96848,RuPay,Dining,Male,4902.42,Credit,Amazon,E-commerce,Declined,BR107
e102134,2026-06-28,Vizag,C47348,Visa,Groceries,Male,15914.35,NetBanking,IRCTC,Travel,Declined,BR137
e102135,2026-01-29,Hyderabad,C80928,MasterCard,Groceries,Male,12179.54,UPI,Reliance,Retail,Approved,BR112
e102136,2026-03-16,Hyderabad,C93743,RuPay,Dining,Male,21026.54,UPI,HPCL,Travel,Declined,BR149
e102137,2026-02-26,Kolkata,C75241,Visa,Utilities,Male,2572.12,UPI,Amazon,Retail,Approved,BR120
e102138,2026-04-30,Hyderabad,C62518,Visa,Shopping,Male,13178.29,NetBanking,HPCL,Travel,Approved,BR128
e102139,2026-06-02,Pune,C80055,RuPay,Fuel,Female,6709.42,NetBanking,HPCL,Fuel,Approved,BR113
e102140,2026-04-11,Delhi,C73985,Visa,Fuel,Female,2681.66,UPI,Reliance,Travel,Approved,BR102
e102141,2026-04-27,Delhi,C50973,Visa,Travel,Male,15162.78,NetBanking,DMart,Travel,Approved,BR128
e102142,2026-05-26,Bengaluru,C65914,Amex,Utilities,Male,3473.78,UPI,Swiggy,Retail,Declined,BR133
e102143,2026-01-03,Pune,C91331,Amex,Dining,Male,10631.47,NetBanking,Amazon,Fuel,Declined,BR146
e102144,2026-04-20,Vizag,C18630,MasterCard,Shopping,Female,6728.06,UPI,DMart,E-commerce,Declined,BR139
e102145,2026-01-09,Pune,C27897,Amex,Groceries,Male,22655.6,NetBanking,Zomato,E-commerce,Approved,BR142
e102146,2026-06-22,Delhi,C67071,RuPay,Dining,Male,19231.54,Credit,Zomato,Utilities,Approved,BR140
e102147,2026-05-05,Mumbai,C24257,MasterCard,Groceries,Male,23802.12,UPI,Amazon,Utilities,Approved,BR148
e102148,2026-01-25,Bengaluru,C90559,Visa,Fuel,Male,20016.64,NetBanking,HPCL,Travel,Approved,BR125
e102149,2026-04-13,Vizag,C78310,Amex,Groceries,Male,4491.38,NetBanking,Reliance,E-commerce,Approved,BR108
e102150,2026-06-14,Kolkata,C85650,MasterCard,Shopping,Female,11227.2,Credit,Reliance,E-commerce,Approved,BR132
e102151,2026-03-27,Kolkata,C40526,Amex,Shopping,Male,8897.33,NetBanking,IOCL,Fuel,Declined,BR149
e102152,2026-05-08,Hyderabad,C25564,Amex,Utilities,Male,3015.23,NetBanking,Swiggy,Food,Approved,BR143
e102153,2026-01-15,Vizag,C24766,Amex,Travel,Female,10082.97,NetBanking,HPCL,Fuel,Approved,BR103
e102154,2026-06-07,Kolkata,C46215,Amex,Groceries,Female,23867.06,NetBanking,Swiggy,Utilities,Declined,BR128
e102155,2026-06-05,Hyderabad,C89852,MasterCard,Groceries,Male,16295.63,Credit,Amazon,E-commerce,Declined,BR144
e102156,2026-06-21,Mumbai,C65956,Amex,Travel,Female,6880.68,Credit,IOCL,Food,Approved,BR142
e102157,2026-01-18,Kolkata,C87668,Amex,Dining,Female,13923.4,UPI,Reliance,Travel,Declined,BR108
e102158,2026-05-06,Mumbai,C40406,Visa,Fuel,Female,10589.39,NetBanking,Swiggy,Utilities,Declined,BR144
e102159,2026-06-18,Vizag,C60869,MasterCard,Utilities,Female,3526.11,Credit,Amazon,E-commerce,Approved,BR117
e102160,2026-04-15,Chennai,C72465,MasterCard,Fuel,Female,4720.72,UPI,Zomato,Food,Declined,BR127
e102161,2026-02-08,Pune,C54034,Visa,Groceries,Female,13205.43,Credit,Reliance,Retail,Approved,BR120
e102162,2026-02-25,Pune,C41097,Amex,Shopping,Male,23779.43,NetBanking,Zomato,Utilities,Approved,BR111
e102163,2026-03-11,Chennai,C46614,RuPay,Travel,Female,24431.49,Credit,HPCL,Utilities,Declined,BR150
e102164,2026-05-14,Kolkata,C22689,Visa,Dining,Male,20669.78,NetBanking,IOCL,Food,Declined,BR134
e102165,2026-01-21,Hyderabad,C37692,Amex,Utilities,Male,24347.71,Credit,DMart,Travel,Declined,BR117
e102166,2026-05-13,Delhi,C25458,RuPay,Travel,Female,13985.94,NetBanking,Swiggy,Food,Declined,BR147
e102167,2026-03-31,Bengaluru,C68355,Amex,Shopping,Female,12572.0,UPI,Amazon,Fuel,Declined,BR133
e102168,2026-01-09,Vizag,C53691,Amex,Shopping,Male,12479.64,Credit,IRCTC,E-commerce,Declined,BR120
e102169,2026-03-18,Hyderabad,C84873,Amex,Dining,Male,13684.09,UPI,Amazon,Fuel,Approved,BR107
e102170,2026-06-27,Kolkata,C40425,Amex,Dining,Male,24215.2,NetBanking,IRCTC,Travel,Declined,BR145
e102171,2026-05-10,Mumbai,C84716,MasterCard,Travel,Female,22508.61,UPI,Reliance,Retail,Declined,BR115
e102172,2026-04-11,Pune,C45761,Amex,Travel,Female,17434.88,UPI,Swiggy,Retail,Declined,BR131
e102173,2026-06-05,Vizag,C35344,MasterCard,Utilities,Female,23911.56,UPI,HPCL,Food,Approved,BR127
e102174,2026-03-25,Delhi,C29727,MasterCard,Travel,Female,19175.53,UPI,IRCTC,Travel,Approved,BR132
e102175,2026-01-03,Delhi,C62321,RuPay,Travel,Male,7639.95,Credit,Amazon,Travel,Approved,BR128
e102176,2026-06-17,Vizag,C46406,Amex,Dining,Male,18599.59,UPI,IOCL,Fuel,Approved,BR149
e102177,2026-05-01,Hyderabad,C37876,Amex,Shopping,Female,20317.11,UPI,IOCL,Retail,Approved,BR139
e102178,2026-03-19,Bengaluru,C62300,RuPay,Utilities,Male,636.0,NetBanking,DMart,Utilities,Declined,BR149
e102179,2026-05-17,Delhi,C47188,RuPay,Utilities,Male,2791.39,NetBanking,IOCL,Fuel,Approved,BR134
e102180,2026-01-16,Chennai,C22890,Visa,Utilities,Female,10585.18,UPI,IOCL,Food,Declined,BR146
e102181,2026-03-20,Vizag,C25351,Amex,Shopping,Female,19234.39,UPI,Amazon,Travel,Approved,BR120
e102182,2026-01-17,Hyderabad,C29751,MasterCard,Groceries,Female,14583.51,Credit,IOCL,Food,Declined,BR137
e102183,2026-06-22,Pune,C54744,RuPay,Dining,Female,23498.44,Credit,Reliance,Food,Approved,BR130
e102184,2026-02-05,Delhi,C76195,Visa,Travel,Male,21505.72,UPI,DMart,Food,Approved,BR139
e102185,2026-06-14,Delhi,C93676,MasterCard,Travel,Female,11295.38,NetBanking,HPCL,Travel,Declined,BR103
e102186,2026-02-27,Bengaluru,C82333,Visa,Groceries,Male,3852.86,UPI,Swiggy,Food,Declined,BR118
e102187,2026-06-10,Kolkata,C53367,Visa,Groceries,Male,16540.76,NetBanking,DMart,Fuel,Approved,BR120
e102188,2026-01-05,Mumbai,C84141,Amex,Groceries,Female,21627.42,Credit,Amazon,Utilities,Declined,BR150
e102189,2026-03-07,Mumbai,C55860,MasterCard,Dining,Male,14888.27,NetBanking,IOCL,Travel,Approved,BR147
e102190,2026-02-28,Chennai,C46174,RuPay,Utilities,Female,8946.25,NetBanking,DMart,Food,Approved,BR119
e102191,2026-01-06,Hyderabad,C80934,MasterCard,Shopping,Female,12708.74,Credit,Reliance,Retail,Approved,BR132
e102192,2026-03-27,Delhi,C27510,MasterCard,Fuel,Male,23426.59,Credit,Reliance,Utilities,Approved,BR147
e102193,2026-05-16,Vizag,C17711,MasterCard,Travel,Male,20866.83,UPI,Reliance,Utilities,Approved,BR128
e102194,2026-02-20,Hyderabad,C60157,MasterCard,Fuel,Female,4604.93,Credit,Zomato,Travel,Approved,BR103
e102195,2026-01-10,Pune,C89997,MasterCard,Shopping,Female,13351.15,UPI,Amazon,E-commerce,Declined,BR107
e102196,2026-05-20,Chennai,C27326,Visa,Travel,Female,22875.21,NetBanking,Zomato,Retail,Declined,BR126
e102197,2026-06-04,Hyderabad,C90061,Visa,Shopping,Female,23152.14,UPI,IOCL,Retail,Approved,BR146
e102198,2026-01-22,Mumbai,C50330,Amex,Fuel,Male,24747.48,NetBanking,Zomato,Travel,Approved,BR126
e102199,2026-01-04,Delhi,C48242,RuPay,Fuel,Female,19119.34,Credit,IRCTC,E-commerce,Declined,BR128
e102200,2026-04-07,Hyderabad,C91425,Visa,Utilities,Male,19517.07,NetBanking,Reliance,Travel,Declined,BR146
e102201,2026-01-23,Bengaluru,C15073,MasterCard,Travel,Female,20203.98,Credit,DMart,Utilities,Approved,BR146
e102202,2026-01-20,Chennai,C18842,Amex,Fuel,Female,15121.56,NetBanking,IOCL,Fuel,Approved,BR123
e102203,2026-02-26,Chennai,C49982,RuPay,Groceries,Female,15411.36,NetBanking,Reliance,Utilities,Approved,BR138
e102204,2026-04-04,Delhi,C92474,MasterCard,Groceries,Female,11615.18,Credit,IOCL,Travel,Approved,BR134
e102205,2026-02-28,Pune,C59494,RuPay,Groceries,Male,7070.48,UPI,Reliance,Food,Approved,BR118
e102206,2026-01-28,Pune,C81117,Amex,Utilities,Male,14411.34,UPI,Zomato,Retail,Approved,BR105
e102207,2026-06-17,Kolkata,C58427,Amex,Dining,Female,12985.14,NetBanking,Swiggy,Food,Declined,BR140
e102208,2026-03-11,Vizag,C35026,MasterCard,Dining,Female,5673.06,NetBanking,HPCL,Retail,Approved,BR135
e102209,2026-05-31,Delhi,C45776,RuPay,Fuel,Female,15455.14,Credit,Reliance,Food,Approved,BR106
e102210,2026-04-11,Bengaluru,C21338,Visa,Groceries,Female,9899.83,NetBanking,Reliance,Retail,Approved,BR106
e102211,2026-02-18,Delhi,C86633,Visa,Travel,Female,2702.37,NetBanking,Reliance,Fuel,Approved,BR119
e102212,2026-02-05,Kolkata,C41059,MasterCard,Shopping,Male,18741.93,UPI,Zomato,Travel,Declined,BR135
e102213,2026-06-26,Bengaluru,C89413,Amex,Fuel,Female,20653.26,NetBanking,IRCTC,Fuel,Declined,BR145
e102214,2026-03-28,Bengaluru,C68621,Amex,Dining,Male,15821.25,Credit,Swiggy,Utilities,Declined,BR115
e102215,2026-05-05,Chennai,C59564,RuPay,Travel,Male,3874.83,UPI,Zomato,Food,Approved,BR135
e102216,2026-06-03,Mumbai,C85438,Amex,Shopping,Male,13392.2,UPI,Swiggy,Fuel,Approved,BR129
e102217,2026-05-20,Kolkata,C91004,MasterCard,Utilities,Male,23565.72,NetBanking,Zomato,Travel,Declined,BR119
e102218,2026-01-28,Delhi,C32208,Visa,Travel,Male,24565.04,UPI,Amazon,Fuel,Declined,BR102
e102219,2026-05-10,Mumbai,C86250,MasterCard,Utilities,Male,20010.61,NetBanking,IRCTC,Travel,Approved,BR128
e102220,2026-06-22,Pune,C97754,RuPay,Travel,Male,15737.05,Credit,IRCTC,Retail,Approved,BR146
e102221,2026-06-13,Chennai,C73609,MasterCard,Utilities,Female,14795.26,NetBanking,Zomato,Travel,Declined,BR135
e102222,2026-01-20,Chennai,C61750,RuPay,Groceries,Male,20215.24,NetBanking,DMart,Utilities,Declined,BR122
e102223,2026-01-07,Mumbai,C94040,MasterCard,Travel,Male,2786.07,Credit,Zomato,Food,Approved,BR118
e102224,2026-06-07,Pune,C89560,Amex,Groceries,Female,7960.58,UPI,Reliance,Retail,Approved,BR146
e102225,2026-01-11,Kolkata,C36340,Visa,Dining,Male,6995.97,UPI,Swiggy,Fuel,Declined,BR134
e102226,2026-04-22,Chennai,C62085,RuPay,Utilities,Female,19053.6,UPI,IOCL,Fuel,Declined,BR146
e102227,2026-03-15,Vizag,C56276,Amex,Dining,Male,18450.6,NetBanking,IOCL,Fuel,Approved,BR134
e102228,2026-01-16,Delhi,C37377,MasterCard,Utilities,Female,23262.64,UPI,HPCL,Retail,Declined,BR132
e102229,2026-05-22,Bengaluru,C50462,Visa,Groceries,Male,5015.06,NetBanking,HPCL,Food,Declined,BR135
e102230,2026-03-14,Delhi,C66057,RuPay,Utilities,Female,21870.73,NetBanking,DMart,Retail,Declined,BR144
e102231,2026-02-07,Vizag,C58374,Amex,Travel,Female,24145.67,UPI,Amazon,Travel,Declined,BR105
e102232,2026-06-13,Kolkata,C11381,RuPay,Travel,Female,2856.97,NetBanking,DMart,Travel,Declined,BR142
e102233,2026-06-05,Kolkata,C25749,Visa,Groceries,Female,22731.88,UPI,HPCL,Utilities,Declined,BR144
e102234,2026-05-24,Chennai,C61647,RuPay,Utilities,Female,22367.58,Credit,Reliance,Fuel,Declined,BR125
e102235,2026-01-21,Mumbai,C74946,Visa,Groceries,Female,6180.72,UPI,IRCTC,Fuel,Declined,BR102
e102236,2026-04-11,Delhi,C88531,MasterCard,Utilities,Male,9649.5,Credit,HPCL,E-commerce,Declined,BR144
e102237,2026-03-20,Pune,C80434,MasterCard,Utilities,Female,16151.96,NetBanking,DMart,E-commerce,Declined,BR101
e102238,2026-03-31,Chennai,C49347,Visa,Dining,Male,21580.63,Credit,DMart,Food,Declined,BR144
e102239,2026-06-15,Kolkata,C51765,RuPay,Travel,Male,8015.21,Credit,DMart,Travel,Declined,BR131
e102240,2026-03-06,Delhi,C45981,MasterCard,Fuel,Male,21937.87,Credit,Amazon,Travel,Approved,BR150
e102241,2026-02-26,Delhi,C45167,MasterCard,Shopping,Female,3595.6,UPI,HPCL,Retail,Declined,BR135
e102242,2026-02-08,Vizag,C11965,Visa,Fuel,Female,24838.47,Credit,Zomato,Fuel,Declined,BR106
e102243,2026-05-19,Kolkata,C76427,Amex,Fuel,Female,195.17,UPI,Swiggy,Fuel,Declined,BR129
e102244,2026-06-11,Hyderabad,C57729,RuPay,Groceries,Female,15030.38,Credit,Amazon,Utilities,Approved,BR114
e102245,2026-03-27,Pune,C80450,Amex,Groceries,Female,24750.64,UPI,Reliance,Fuel,Approved,BR141
e102246,2026-04-18,Chennai,C62583,Visa,Dining,Female,15513.46,UPI,Zomato,Fuel,Declined,BR103
e102247,2026-06-15,Mumbai,C83829,Visa,Dining,Female,10548.72,Credit,HPCL,E-commerce,Approved,BR107
e102248,2026-02-14,Kolkata,C14395,Amex,Dining,Male,24224.32,Credit,IRCTC,Fuel,Approved,BR139
e102249,2026-03-24,Pune,C22524,MasterCard,Groceries,Female,6945.35,Credit,IOCL,Retail,Approved,BR109
e102250,2026-01-09,Chennai,C77321,MasterCard,Shopping,Female,14027.15,NetBanking,IRCTC,E-commerce,Declined,BR116
e102251,2026-03-23,Hyderabad,C93406,RuPay,Fuel,Female,5062.73,Credit,DMart,Fuel,Declined,BR143
e102252,2026-02-24,Bengaluru,C44138,Amex,Fuel,Female,13505.32,NetBanking,Reliance,Utilities,Declined,BR133
e102253,2026-04-22,Hyderabad,C99551,Visa,Utilities,Male,846.03,Credit,HPCL,Retail,Declined,BR115
e102254,2026-04-30,Hyderabad,C32416,Visa,Fuel,Male,22385.2,NetBanking,DMart,Retail,Declined,BR142
e102255,2026-04-09,Mumbai,C89467,RuPay,Shopping,Female,16871.91,Credit,HPCL,Fuel,Approved,BR138
e102256,2026-02-28,Vizag,C78441,Visa,Utilities,Male,18773.58,Credit,DMart,Food,Approved,BR131
e102257,2026-06-11,Bengaluru,C21959,Visa,Travel,Female,12165.72,UPI,IRCTC,E-commerce,Declined,BR115
e102258,2026-03-26,Bengaluru,C21250,RuPay,Dining,Male,10092.83,Credit,DMart,Fuel,Approved,BR103
e102259,2026-04-12,Kolkata,C71656,Visa,Travel,Male,6315.47,UPI,Swiggy,E-commerce,Declined,BR126
e102260,2026-02-14,Delhi,C67759,Visa,Groceries,Female,19673.49,NetBanking,IOCL,Fuel,Approved,BR134
e102261,2026-01-01,Mumbai,C18882,RuPay,Shopping,Female,14189.25,UPI,IOCL,Travel,Declined,BR103
e102262,2026-04-30,Hyderabad,C15973,RuPay,Groceries,Male,9418.86,NetBanking,IRCTC,Food,Approved,BR137
e102263,2026-01-25,Delhi,C36634,MasterCard,Fuel,Female,17836.4,Credit,Amazon,Travel,Declined,BR119
e102264,2026-05-12,Vizag,C63079,MasterCard,Fuel,Male,4851.02,Credit,Reliance,Food,Approved,BR149
e102265,2026-01-28,Kolkata,C53258,Amex,Groceries,Male,3858.17,UPI,DMart,E-commerce,Declined,BR133
e102266,2026-04-18,Mumbai,C43963,RuPay,Dining,Female,14026.02,NetBanking,HPCL,Fuel,Declined,BR143
e102267,2026-01-23,Delhi,C14326,MasterCard,Utilities,Male,13473.51,UPI,HPCL,Fuel,Approved,BR102
e102268,2026-06-09,Mumbai,C95318,RuPay,Utilities,Female,13263.75,NetBanking,IRCTC,Food,Declined,BR113
e102269,2026-01-22,Pune,C67979,Amex,Dining,Female,15780.31,UPI,Swiggy,E-commerce,Declined,BR103
e102270,2026-02-08,Pune,C81877,Amex,Utilities,Male,6572.14,UPI,HPCL,E-commerce,Approved,BR145
e102271,2026-03-21,Mumbai,C44976,RuPay,Travel,Male,2213.67,NetBanking,Zomato,Retail,Declined,BR141
e102272,2026-05-04,Hyderabad,C41325,Visa,Shopping,Male,10307.32,Credit,Reliance,E-commerce,Declined,BR116
e102273,2026-03-30,Delhi,C47426,RuPay,Groceries,Male,9282.96,Credit,Swiggy,Travel,Approved,BR129
e102274,2026-03-07,Pune,C30672,RuPay,Shopping,Female,5171.95,UPI,Zomato,Food,Approved,BR146
e102275,2026-01-07,Mumbai,C71834,Amex,Dining,Male,15057.56,NetBanking,Swiggy,Food,Declined,BR106
e102276,2026-01-26,Pune,C87040,Visa,Travel,Male,19409.55,UPI,Zomato,Food,Approved,BR132
e102277,2026-05-11,Mumbai,C72578,MasterCard,Shopping,Male,9558.77,UPI,Zomato,E-commerce,Approved,BR120
e102278,2026-02-08,Pune,C50702,RuPay,Shopping,Female,19748.7,NetBanking,Amazon,Food,Approved,BR121
e102279,2026-03-20,Kolkata,C93413,MasterCard,Shopping,Male,13532.13,Credit,Amazon,Fuel,Approved,BR122
e102280,2026-04-05,Chennai,C87324,Visa,Dining,Male,1914.86,UPI,IRCTC,Food,Declined,BR108
e102281,2026-01-14,Mumbai,C57469,Visa,Travel,Female,16244.03,Credit,Zomato,Retail,Declined,BR111
e102282,2026-04-17,Pune,C55923,Visa,Dining,Male,12101.66,UPI,HPCL,Food,Approved,BR144
e102283,2026-06-23,Mumbai,C79787,MasterCard,Utilities,Male,6510.73,UPI,IOCL,Utilities,Declined,BR120
e102284,2026-02-19,Mumbai,C21548,Visa,Utilities,Male,3825.72,Credit,Zomato,Retail,Approved,BR139
e102285,2026-01-11,Bengaluru,C27314,Visa,Groceries,Male,21213.23,Credit,IOCL,Travel,Approved,BR126
e102286,2026-05-21,Hyderabad,C46807,RuPay,Fuel,Male,2424.76,Credit,DMart,Utilities,Declined,BR115
e102287,2026-01-23,Kolkata,C70015,Visa,Shopping,Female,9290.05,UPI,Amazon,Food,Approved,BR121
e102288,2026-04-06,Vizag,C38446,Amex,Shopping,Male,4015.54,Credit,Amazon,Utilities,Approved,BR121
e102289,2026-03-01,Kolkata,C42165,Amex,Utilities,Male,870.94,NetBanking,IRCTC,Utilities,Declined,BR132
e102290,2026-01-20,Kolkata,C67315,Amex,Travel,Female,20579.56,UPI,IRCTC,Utilities,Approved,BR148
e102291,2026-02-07,Mumbai,C74406,Visa,Shopping,Female,10800.98,Credit,IOCL,Utilities,Declined,BR106
e102292,2026-01-09,Pune,C18909,MasterCard,Groceries,Female,20068.2,UPI,IRCTC,Retail,Approved,BR114
e102293,2026-05-17,Pune,C12727,Amex,Travel,Male,23497.24,Credit,Zomato,Retail,Approved,BR139
e102294,2026-04-09,Vizag,C33921,RuPay,Shopping,Male,6165.77,Credit,DMart,Food,Approved,BR124
e102295,2026-05-16,Mumbai,C53734,RuPay,Utilities,Female,18256.26,Credit,IRCTC,E-commerce,Approved,BR137
e102296,2026-05-03,Mumbai,C83404,RuPay,Groceries,Male,5523.31,Credit,Swiggy,E-commerce,Declined,BR110
e102297,2026-02-23,Pune,C75506,MasterCard,Fuel,Male,12339.32,NetBanking,Amazon,Utilities,Declined,BR108
e102298,2026-05-19,Mumbai,C40182,Amex,Utilities,Female,9273.95,UPI,HPCL,Retail,Approved,BR147
e102299,2026-04-02,Bengaluru,C94433,RuPay,Dining,Female,19670.65,UPI,IOCL,Food,Declined,BR150
e102300,2026-05-15,Kolkata,C12707,Visa,Dining,Male,9697.56,Credit,Amazon,Utilities,Approved,BR144
e102301,2026-04-10,Hyderabad,C48199,Amex,Fuel,Male,21813.01,NetBanking,Reliance,E-commerce,Declined,BR141
e102302,2026-03-21,Delhi,C90575,Amex,Shopping,Female,15482.28,NetBanking,Amazon,Travel,Approved,BR106
e102303,2026-02-16,Mumbai,C10034,MasterCard,Groceries,Female,18420.05,UPI,DMart,E-commerce,Declined,BR113
e102304,2026-06-19,Pune,C53006,Visa,Groceries,Male,14786.9,UPI,Reliance,Travel,Declined,BR111
e102305,2026-05-14,Pune,C61535,RuPay,Fuel,Male,1830.57,Credit,Zomato,Utilities,Declined,BR122
e102306,2026-01-17,Pune,C67688,Visa,Utilities,Male,23150.73,Credit,IRCTC,E-commerce,Approved,BR104
e102307,2026-01-14,Chennai,C71195,Amex,Groceries,Male,5348.78,NetBanking,IRCTC,Utilities,Approved,BR145
e102308,2026-03-04,Pune,C67862,MasterCard,Groceries,Female,23834.79,NetBanking,IOCL,Fuel,Declined,BR143
e102309,2026-05-06,Pune,C37409,Visa,Travel,Male,23399.98,Credit,Swiggy,E-commerce,Declined,BR134
e102310,2026-04-14,Vizag,C18078,Visa,Fuel,Male,18622.0,UPI,Amazon,Fuel,Approved,BR137
e102311,2026-04-02,Bengaluru,C81542,RuPay,Groceries,Female,13494.99,UPI,Amazon,Travel,Approved,BR127
e102312,2026-06-03,Bengaluru,C50221,RuPay,Dining,Female,22133.73,UPI,IOCL,E-commerce,Approved,BR136
e102313,2026-02-13,Chennai,C14832,Amex,Travel,Male,14261.67,NetBanking,HPCL,Retail,Declined,BR103
e102314,2026-02-03,Pune,C95105,Amex,Groceries,Female,4000.48,NetBanking,HPCL,Utilities,Declined,BR143
e102315,2026-05-01,Vizag,C55630,RuPay,Dining,Female,16149.23,NetBanking,DMart,Travel,Declined,BR145
e102316,2026-01-22,Vizag,C10957,RuPay,Shopping,Female,7582.7,NetBanking,Zomato,Utilities,Approved,BR104
e102317,2026-01-23,Pune,C78825,Amex,Shopping,Male,18628.18,UPI,Reliance,Food,Declined,BR144
e102318,2026-02-10,Hyderabad,C45787,MasterCard,Utilities,Female,13647.33,UPI,Reliance,E-commerce,Declined,BR107
e102319,2026-05-31,Vizag,C62450,Amex,Utilities,Male,22399.07,UPI,IRCTC,Utilities,Approved,BR137
e102320,2026-04-13,Bengaluru,C91595,Amex,Fuel,Male,17573.7,Credit,Zomato,Travel,Approved,BR138
e102321,2026-04-22,Chennai,C71348,MasterCard,Fuel,Male,6609.79,NetBanking,Amazon,Retail,Declined,BR122
e102322,2026-01-10,Bengaluru,C82217,RuPay,Travel,Male,14379.63,NetBanking,Zomato,Travel,Declined,BR143
e102323,2026-04-05,Hyderabad,C92432,Amex,Utilities,Female,13582.39,NetBanking,IRCTC,Food,Declined,BR134
e102324,2026-02-24,Hyderabad,C83351,RuPay,Utilities,Male,1082.25,NetBanking,HPCL,Fuel,Approved,BR123
e102325,2026-03-07,Mumbai,C26087,RuPay,Travel,Female,14731.1,UPI,Zomato,E-commerce,Approved,BR111
e102326,2026-04-29,Bengaluru,C28701,RuPay,Dining,Male,13328.81,NetBanking,Zomato,Fuel,Declined,BR125
e102327,2026-01-27,Chennai,C15793,MasterCard,Utilities,Female,10683.48,UPI,HPCL,Utilities,Approved,BR109
e102328,2026-03-04,Vizag,C89562,Amex,Groceries,Female,11021.11,UPI,HPCL,Travel,Approved,BR135
e102329,2026-05-31,Pune,C11658,Amex,Dining,Male,24356.69,UPI,IOCL,Fuel,Approved,BR148
e102330,2026-05-30,Hyderabad,C81149,RuPay,Travel,Male,9046.03,Credit,HPCL,Utilities,Declined,BR119
e102331,2026-01-03,Hyderabad,C92908,Amex,Dining,Female,14063.72,Credit,Swiggy,E-commerce,Approved,BR115
e102332,2026-06-15,Kolkata,C99110,MasterCard,Travel,Male,3709.0,NetBanking,HPCL,Food,Declined,BR130
e102333,2026-01-22,Chennai,C51784,RuPay,Fuel,Female,2351.09,UPI,DMart,Fuel,Approved,BR107
e102334,2026-03-15,Chennai,C49532,MasterCard,Shopping,Female,22949.67,NetBanking,Zomato,Fuel,Declined,BR113
e102335,2026-05-21,Kolkata,C36656,MasterCard,Fuel,Male,11315.87,Credit,Reliance,E-commerce,Approved,BR109
e102336,2026-01-03,Mumbai,C30536,MasterCard,Groceries,Female,1792.27,UPI,Reliance,Fuel,Declined,BR123
e102337,2026-04-25,Delhi,C77624,Visa,Dining,Male,1442.39,Credit,Reliance,Utilities,Declined,BR118
e102338,2026-06-20,Mumbai,C85206,RuPay,Travel,Female,6797.23,Credit,Reliance,Utilities,Approved,BR119
e102339,2026-01-12,Bengaluru,C66506,Visa,Dining,Female,18249.71,NetBanking,Swiggy,Retail,Declined,BR116
e102340,2026-03-02,Bengaluru,C77204,RuPay,Shopping,Female,20487.53,UPI,Swiggy,Food,Declined,BR105
e102341,2026-03-10,Mumbai,C88501,MasterCard,Fuel,Female,700.92,Credit,Reliance,Travel,Declined,BR108
e102342,2026-06-19,Chennai,C98839,Amex,Shopping,Female,19965.75,NetBanking,Amazon,Travel,Declined,BR112
e102343,2026-06-19,Mumbai,C56542,Visa,Travel,Male,23601.84,NetBanking,DMart,Utilities,Approved,BR143
e102344,2026-02-12,Vizag,C92859,MasterCard,Shopping,Male,9006.9,Credit,Zomato,E-commerce,Declined,BR150
e102345,2026-02-14,Mumbai,C41382,RuPay,Dining,Female,4665.83,UPI,HPCL,E-commerce,Declined,BR146
e102346,2026-06-17,Bengaluru,C66131,Visa,Dining,Male,7571.87,NetBanking,IRCTC,Fuel,Declined,BR107
e102347,2026-01-11,Pune,C33177,MasterCard,Shopping,Male,8031.81,Credit,IOCL,Retail,Declined,BR116
e102348,2026-03-25,Pune,C51418,MasterCard,Groceries,Male,6117.12,UPI,Amazon,Travel,Declined,BR111
e102349,2026-03-22,Vizag,C81547,RuPay,Travel,Male,22320.35,NetBanking,Zomato,Food,Approved,BR110
e102350,2026-05-17,Hyderabad,C93535,Amex,Shopping,Female,3501.92,UPI,Swiggy,E-commerce,Declined,BR116
e102351,2026-05-06,Delhi,C67701,MasterCard,Dining,Male,23780.13,NetBanking,Reliance,Utilities,Approved,BR131
e102352,2026-01-12,Bengaluru,C34745,Amex,Fuel,Male,16043.3,NetBanking,HPCL,Food,Declined,BR118
e102353,2026-04-22,Bengaluru,C17997,MasterCard,Dining,Female,11204.12,Credit,Swiggy,Fuel,Approved,BR105
e102354,2026-02-02,Vizag,C91597,Visa,Utilities,Male,17436.0,UPI,HPCL,Fuel,Approved,BR140
e102355,2026-05-27,Delhi,C21245,MasterCard,Shopping,Female,10191.59,NetBanking,IOCL,Food,Declined,BR117
e102356,2026-02-22,Kolkata,C34074,Visa,Fuel,Female,825.68,UPI,IOCL,E-commerce,Declined,BR144
e102357,2026-01-13,Vizag,C86758,Visa,Dining,Male,22735.57,NetBanking,HPCL,Food,Approved,BR112
e102358,2026-03-05,Pune,C86486,RuPay,Shopping,Male,21229.05,NetBanking,Swiggy,E-commerce,Declined,BR129
e102359,2026-01-28,Kolkata,C80856,RuPay,Groceries,Female,16961.55,UPI,IOCL,Food,Approved,BR134
e102360,2026-05-18,Vizag,C22181,RuPay,Fuel,Female,3989.93,NetBanking,IOCL,Utilities,Declined,BR116
e102361,2026-01-23,Kolkata,C80216,Amex,Travel,Male,19897.53,Credit,Amazon,Travel,Declined,BR106
e102362,2026-02-04,Mumbai,C38537,MasterCard,Dining,Female,24930.93,UPI,IRCTC,Food,Declined,BR144
e102363,2026-01-28,Pune,C40047,Amex,Utilities,Male,21236.05,NetBanking,Amazon,Food,Declined,BR136
e102364,2026-02-21,Hyderabad,C56057,MasterCard,Groceries,Male,10781.3,NetBanking,Swiggy,Utilities,Approved,BR126
e102365,2026-04-26,Vizag,C84343,RuPay,Dining,Male,20123.09,UPI,IOCL,Food,Declined,BR149
e102366,2026-01-03,Delhi,C50727,MasterCard,Groceries,Male,17581.59,NetBanking,Reliance,Travel,Declined,BR137
e102367,2026-04-27,Delhi,C86463,RuPay,Shopping,Male,272.21,NetBanking,IOCL,E-commerce,Declined,BR136
e102368,2026-03-08,Bengaluru,C57627,Visa,Utilities,Male,5840.77,NetBanking,IOCL,Utilities,Declined,BR146
e102369,2026-03-07,Chennai,C21097,Amex,Travel,Female,17654.63,Credit,Swiggy,Utilities,Declined,BR146
e102370,2026-06-18,Chennai,C45831,MasterCard,Shopping,Male,17137.58,UPI,HPCL,Utilities,Declined,BR119
e102371,2026-05-27,Mumbai,C86728,Visa,Groceries,Female,3431.16,NetBanking,IRCTC,Utilities,Approved,BR106
e102372,2026-04-11,Bengaluru,C51860,Amex,Dining,Male,16537.08,NetBanking,HPCL,Fuel,Declined,BR121
e102373,2026-05-23,Kolkata,C23364,RuPay,Fuel,Male,19551.35,Credit,Reliance,Travel,Declined,BR135
e102374,2026-01-23,Chennai,C79313,MasterCard,Shopping,Female,8236.12,Credit,Reliance,E-commerce,Declined,BR148
e102375,2026-05-31,Hyderabad,C95262,Amex,Dining,Male,11299.68,NetBanking,HPCL,Travel,Declined,BR134
e102376,2026-04-06,Kolkata,C90819,Amex,Dining,Female,788.22,Credit,Reliance,E-commerce,Approved,BR115
e102377,2026-01-12,Vizag,C22381,MasterCard,Travel,Male,22110.29,UPI,Zomato,Fuel,Declined,BR139
e102378,2026-05-05,Vizag,C80461,MasterCard,Dining,Male,12805.2,UPI,IOCL,E-commerce,Approved,BR134
e102379,2026-06-14,Kolkata,C98087,MasterCard,Fuel,Male,937.15,UPI,IOCL,Retail,Declined,BR101
e102380,2026-06-02,Bengaluru,C98186,Amex,Utilities,Female,466.73,UPI,DMart,Food,Approved,BR113
e102381,2026-04-12,Delhi,C21473,Visa,Groceries,Male,11965.78,NetBanking,Amazon,E-commerce,Declined,BR126
e102382,2026-01-16,Hyderabad,C47174,Amex,Dining,Female,14073.37,Credit,Amazon,Retail,Declined,BR126
e102383,2026-03-29,Chennai,C37102,Amex,Dining,Male,3087.78,NetBanking,HPCL,Fuel,Declined,BR109
e102384,2026-03-24,Vizag,C29845,Visa,Groceries,Male,9313.81,NetBanking,HPCL,Retail,Declined,BR150
e102385,2026-05-30,Hyderabad,C89147,Visa,Travel,Female,3188.08,NetBanking,Amazon,Fuel,Approved,BR118
e102386,2026-04-24,Hyderabad,C43160,Amex,Travel,Male,12922.37,Credit,IOCL,Travel,Declined,BR149
e102387,2026-03-18,Bengaluru,C68875,Visa,Dining,Female,22310.95,UPI,IRCTC,Fuel,Approved,BR128
e102388,2026-03-19,Vizag,C90969,MasterCard,Shopping,Male,15844.48,UPI,IOCL,Travel,Approved,BR110
e102389,2026-01-15,Chennai,C89864,Amex,Utilities,Male,11161.41,NetBanking,Amazon,E-commerce,Approved,BR131
e102390,2026-05-29,Vizag,C59916,Visa,Dining,Female,7608.16,UPI,IRCTC,Travel,Declined,BR115
e102391,2026-01-15,Mumbai,C78529,RuPay,Groceries,Female,11741.36,NetBanking,IOCL,Travel,Approved,BR138
e102392,2026-04-10,Hyderabad,C71038,Visa,Groceries,Male,13658.4,UPI,Zomato,Food,Declined,BR118
e102393,2026-06-02,Chennai,C24184,RuPay,Dining,Female,24035.09,Credit,Swiggy,Travel,Approved,BR101
e102394,2026-06-07,Kolkata,C97817,RuPay,Utilities,Female,10627.64,NetBanking,IOCL,Utilities,Declined,BR102
e102395,2026-03-30,Bengaluru,C82945,Amex,Utilities,Male,12668.17,NetBanking,HPCL,Retail,Approved,BR113
e102396,2026-02-01,Mumbai,C77557,Amex,Fuel,Male,12242.34,NetBanking,Swiggy,Travel,Approved,BR149
e102397,2026-05-02,Kolkata,C66363,MasterCard,Dining,Female,11304.63,Credit,Reliance,Fuel,Declined,BR124
e102398,2026-03-22,Hyderabad,C99067,RuPay,Shopping,Female,13976.37,NetBanking,IOCL,Food,Approved,BR117
e102399,2026-03-18,Bengaluru,C33417,Visa,Groceries,Female,1316.57,UPI,Swiggy,Travel,Declined,BR125
e102400,2026-03-08,Pune,C74547,Visa,Travel,Male,18832.16,NetBanking,IRCTC,Food,Declined,BR144
e102401,2026-06-16,Mumbai,C68966,MasterCard,Groceries,Male,2030.32,UPI,IRCTC,Travel,Approved,BR114
e102402,2026-02-14,Delhi,C21745,RuPay,Dining,Female,5516.36,UPI,DMart,Fuel,Approved,BR142
e102403,2026-06-18,Chennai,C64878,MasterCard,Shopping,Male,8810.7,NetBanking,Reliance,E-commerce,Declined,BR135
e102404,2026-02-08,Pune,C99274,MasterCard,Fuel,Female,19810.06,NetBanking,DMart,E-commerce,Approved,BR118
e102405,2026-06-10,Delhi,C41094,MasterCard,Groceries,Female,23732.86,Credit,DMart,Fuel,Declined,BR109
e102406,2026-05-15,Pune,C70631,Visa,Utilities,Female,7536.15,Credit,IRCTC,Travel,Declined,BR143
e102407,2026-02-10,Hyderabad,C98941,Visa,Utilities,Male,19046.33,Credit,Zomato,E-commerce,Declined,BR113
e102408,2026-02-22,Chennai,C45138,RuPay,Groceries,Female,11015.25,NetBanking,Reliance,Travel,Declined,BR142
e102409,2026-06-03,Chennai,C65520,Amex,Fuel,Male,240.73,UPI,Amazon,Travel,Approved,BR120
e102410,2026-01-11,Mumbai,C92958,Visa,Travel,Male,8654.6,Credit,DMart,Retail,Declined,BR119
e102411,2026-04-11,Pune,C35209,Amex,Dining,Female,13425.04,Credit,IRCTC,Fuel,Declined,BR141
e102412,2026-05-12,Mumbai,C54300,Amex,Utilities,Female,2970.75,UPI,Amazon,Utilities,Approved,BR114
e102413,2026-04-28,Chennai,C54794,Visa,Groceries,Female,22164.23,NetBanking,Zomato,Utilities,Approved,BR114
e102414,2026-03-01,Pune,C92477,Visa,Travel,Female,17991.31,UPI,Amazon,Fuel,Approved,BR103
e102415,2026-01-12,Bengaluru,C21162,Visa,Groceries,Male,21912.38,UPI,DMart,Utilities,Approved,BR113
e102416,2026-06-06,Delhi,C84736,RuPay,Shopping,Male,17014.9,UPI,Zomato,Travel,Declined,BR115
e102417,2026-02-03,Hyderabad,C94671,RuPay,Fuel,Male,24276.54,NetBanking,Swiggy,E-commerce,Declined,BR130
e102418,2026-02-12,Hyderabad,C66438,MasterCard,Utilities,Female,9482.03,Credit,IOCL,E-commerce,Approved,BR117
e102419,2026-06-15,Bengaluru,C68444,RuPay,Groceries,Male,175.15,NetBanking,DMart,Travel,Declined,BR115
e102420,2026-03-18,Delhi,C15457,MasterCard,Fuel,Female,9458.95,NetBanking,IOCL,Fuel,Declined,BR101
e102421,2026-01-29,Bengaluru,C55054,Visa,Travel,Male,12565.23,UPI,DMart,Retail,Declined,BR135
e102422,2026-04-03,Delhi,C44048,MasterCard,Groceries,Male,1886.02,Credit,Swiggy,Utilities,Approved,BR142
e102423,2026-02-13,Delhi,C38084,Visa,Dining,Male,22720.9,Credit,Swiggy,E-commerce,Declined,BR126
e102424,2026-01-17,Pune,C35906,Visa,Utilities,Female,17052.33,NetBanking,IRCTC,E-commerce,Approved,BR128
e102425,2026-02-26,Bengaluru,C59072,Amex,Shopping,Male,20421.21,Credit,IRCTC,Fuel,Declined,BR132
e102426,2026-01-19,Chennai,C45334,MasterCard,Dining,Female,3045.07,UPI,DMart,Retail,Approved,BR145
e102427,2026-03-30,Kolkata,C18226,Visa,Dining,Male,19218.11,NetBanking,DMart,Travel,Declined,BR140
e102428,2026-05-22,Hyderabad,C23158,RuPay,Utilities,Female,6588.93,NetBanking,Swiggy,E-commerce,Declined,BR141
e102429,2026-04-19,Bengaluru,C21942,Amex,Travel,Female,200.97,UPI,IOCL,E-commerce,Declined,BR141
e102430,2026-03-21,Delhi,C88631,MasterCard,Groceries,Male,4883.54,Credit,IRCTC,Retail,Approved,BR134
e102431,2026-04-23,Pune,C25133,Amex,Travel,Male,7144.09,Credit,HPCL,E-commerce,Approved,BR121
e102432,2026-06-13,Chennai,C69865,Amex,Fuel,Female,19028.68,NetBanking,Amazon,E-commerce,Declined,BR102
e102433,2026-03-31,Vizag,C87379,Visa,Groceries,Male,22098.52,Credit,Swiggy,Travel,Declined,BR149
e102434,2026-01-06,Pune,C46848,RuPay,Groceries,Female,21580.38,UPI,Amazon,Utilities,Declined,BR102
e102435,2026-05-07,Vizag,C76174,MasterCard,Dining,Female,3332.55,Credit,Zomato,Fuel,Approved,BR130
e102436,2026-02-07,Bengaluru,C38838,RuPay,Shopping,Male,1513.45,NetBanking,HPCL,Utilities,Declined,BR130
e102437,2026-03-29,Chennai,C10966,MasterCard,Travel,Female,18204.97,UPI,DMart,Utilities,Declined,BR120
e102438,2026-06-14,Chennai,C40242,Visa,Groceries,Male,3023.16,NetBanking,Amazon,Retail,Declined,BR123
e102439,2026-04-21,Bengaluru,C76930,Amex,Shopping,Male,15548.78,NetBanking,Swiggy,Food,Declined,BR120
e102440,2026-03-11,Kolkata,C97357,Amex,Dining,Male,18785.01,NetBanking,Amazon,E-commerce,Approved,BR150
e102441,2026-03-17,Bengaluru,C42883,Visa,Shopping,Male,9460.98,Credit,IRCTC,Food,Approved,BR124
e102442,2026-05-06,Pune,C99443,Amex,Utilities,Male,19203.08,Credit,DMart,Food,Approved,BR149
e102443,2026-02-11,Vizag,C74028,Amex,Groceries,Male,9015.72,NetBanking,HPCL,Fuel,Approved,BR105
e102444,2026-04-24,Bengaluru,C15736,Amex,Travel,Female,2047.44,NetBanking,IRCTC,E-commerce,Declined,BR105
e102445,2026-05-04,Vizag,C11525,Amex,Dining,Female,24320.22,UPI,IRCTC,Retail,Approved,BR118
e102446,2026-01-11,Mumbai,C67784,RuPay,Groceries,Female,8689.22,Credit,Zomato,Travel,Declined,BR149
e102447,2026-03-30,Hyderabad,C88099,MasterCard,Dining,Male,9620.66,NetBanking,Swiggy,E-commerce,Approved,BR142
e102448,2026-02-09,Pune,C94215,Visa,Travel,Male,5897.34,NetBanking,IRCTC,E-commerce,Approved,BR108
e102449,2026-01-23,Hyderabad,C86538,Visa,Travel,Female,3127.9,Credit,Amazon,E-commerce,Approved,BR147
e102450,2026-01-15,Bengaluru,C76233,Visa,Dining,Female,6945.79,Credit,Zomato,E-commerce,Approved,BR119
e102451,2026-03-24,Bengaluru,C27263,Visa,Shopping,Male,14535.47,NetBanking,HPCL,Food,Declined,BR111
e102452,2026-01-14,Chennai,C76779,RuPay,Fuel,Female,22742.3,NetBanking,Zomato,Utilities,Approved,BR115
e102453,2026-05-30,Bengaluru,C96710,Amex,Groceries,Male,5583.23,NetBanking,Swiggy,Food,Declined,BR146
e102454,2026-04-14,Kolkata,C97210,Amex,Travel,Female,24290.5,NetBanking,DMart,Travel,Declined,BR116
e102455,2026-01-08,Pune,C74685,MasterCard,Groceries,Female,7635.18,UPI,IRCTC,E-commerce,Approved,BR125
e102456,2026-01-04,Hyderabad,C94695,MasterCard,Groceries,Female,12913.66,Credit,IRCTC,Utilities,Approved,BR102
e102457,2026-05-14,Mumbai,C20373,Amex,Dining,Male,5992.67,NetBanking,Swiggy,Fuel,Approved,BR142
e102458,2026-01-13,Kolkata,C41316,RuPay,Groceries,Male,17177.18,Credit,Swiggy,Fuel,Declined,BR112
e102459,2026-01-02,Bengaluru,C26806,Amex,Fuel,Female,1274.18,Credit,IRCTC,E-commerce,Declined,BR105
e102460,2026-05-12,Vizag,C46748,MasterCard,Utilities,Male,12909.85,UPI,Amazon,Food,Declined,BR112
e102461,2026-02-02,Pune,C53855,RuPay,Utilities,Male,7646.04,Credit,Amazon,E-commerce,Approved,BR133
e102462,2026-02-14,Bengaluru,C56995,Visa,Groceries,Male,23535.79,Credit,Swiggy,Travel,Declined,BR105
e102463,2026-02-10,Bengaluru,C83661,MasterCard,Dining,Female,3616.59,UPI,IRCTC,Utilities,Declined,BR145
e102464,2026-01-06,Delhi,C55291,MasterCard,Travel,Female,22192.13,NetBanking,DMart,E-commerce,Approved,BR119
e102465,2026-06-21,Vizag,C76197,RuPay,Dining,Female,8737.33,Credit,Zomato,Fuel,Approved,BR146
e102466,2026-06-01,Bengaluru,C26645,Visa,Shopping,Male,24659.32,UPI,Amazon,E-commerce,Approved,BR145
e102467,2026-03-20,Vizag,C43848,Amex,Travel,Male,16077.4,NetBanking,Amazon,Retail,Declined,BR137
e102468,2026-01-15,Pune,C85900,Amex,Groceries,Female,13526.8,Credit,IRCTC,Utilities,Approved,BR116
e102469,2026-01-21,Kolkata,C27952,Visa,Travel,Female,20642.76,NetBanking,Amazon,Retail,Approved,BR138
e102470,2026-01-08,Chennai,C43205,MasterCard,Groceries,Male,504.26,NetBanking,Reliance,Food,Declined,BR144
e102471,2026-06-22,Vizag,C23569,Visa,Utilities,Female,12606.63,UPI,IOCL,E-commerce,Declined,BR113
e102472,2026-06-20,Delhi,C60779,Amex,Dining,Male,2406.15,NetBanking,DMart,Fuel,Approved,BR145
e102473,2026-02-08,Kolkata,C33546,MasterCard,Fuel,Female,8676.71,UPI,Zomato,Retail,Approved,BR146
e102474,2026-03-18,Delhi,C49014,Visa,Shopping,Male,21894.51,NetBanking,IOCL,Travel,Declined,BR133
e102475,2026-03-31,Vizag,C45544,MasterCard,Groceries,Male,14108.21,Credit,IOCL,Fuel,Approved,BR101
e102476,2026-01-27,Kolkata,C25831,RuPay,Groceries,Male,24950.97,UPI,DMart,E-commerce,Declined,BR137
e102477,2026-04-24,Bengaluru,C13038,Amex,Fuel,Female,7707.19,NetBanking,Reliance,Retail,Approved,BR127
e102478,2026-02-25,Vizag,C99766,RuPay,Utilities,Male,20034.53,UPI,Zomato,Retail,Approved,BR115
e102479,2026-04-29,Bengaluru,C70889,Visa,Travel,Male,23776.1,Credit,Swiggy,Fuel,Declined,BR120
e102480,2026-03-14,Chennai,C72266,Visa,Utilities,Female,8488.73,Credit,Amazon,Utilities,Declined,BR111
e102481,2026-06-26,Pune,C48105,Amex,Utilities,Male,8765.17,Credit,Zomato,Retail,Declined,BR148
e102482,2026-03-09,Mumbai,C39263,Visa,Dining,Female,1791.64,NetBanking,Swiggy,E-commerce,Declined,BR101
e102483,2026-06-07,Chennai,C49080,Amex,Travel,Female,1711.89,Credit,Reliance,Retail,Approved,BR139
e102484,2026-04-19,Kolkata,C33151,Visa,Fuel,Female,14283.76,NetBanking,Amazon,Fuel,Approved,BR134
e102485,2026-06-05,Mumbai,C93102,MasterCard,Travel,Male,21916.18,NetBanking,HPCL,Food,Approved,BR136
e102486,2026-04-28,Delhi,C78466,MasterCard,Fuel,Male,1287.72,Credit,DMart,Food,Declined,BR118
e102487,2026-02-09,Hyderabad,C65832,Amex,Fuel,Male,9709.78,Credit,DMart,Retail,Declined,BR146
e102488,2026-04-19,Vizag,C40926,Visa,Utilities,Female,15923.95,Credit,IRCTC,Travel,Declined,BR103
e102489,2026-01-10,Mumbai,C93007,Amex,Travel,Female,11325.8,NetBanking,Zomato,Utilities,Approved,BR150
e102490,2026-01-27,Delhi,C82544,RuPay,Travel,Male,2937.5,UPI,DMart,Retail,Approved,BR129
e102491,2026-02-24,Chennai,C63751,Amex,Shopping,Female,17176.07,Credit,Amazon,Food,Approved,BR124
e102492,2026-03-21,Bengaluru,C36848,Visa,Dining,Female,23131.15,Credit,Amazon,Food,Approved,BR139
e102493,2026-05-06,Bengaluru,C25211,Visa,Dining,Male,1253.83,Credit,HPCL,Fuel,Declined,BR145
e102494,2026-02-27,Pune,C83269,MasterCard,Shopping,Male,4781.13,Credit,Swiggy,E-commerce,Declined,BR105
e102495,2026-04-05,Hyderabad,C47422,MasterCard,Travel,Female,24922.6,UPI,Amazon,E-commerce,Declined,BR125
e102496,2026-03-01,Bengaluru,C14028,Amex,Groceries,Male,6888.38,Credit,Swiggy,Food,Approved,BR147
e102497,2026-06-27,Chennai,C43455,RuPay,Utilities,Male,2437.09,NetBanking,HPCL,Travel,Approved,BR140
e102498,2026-02-14,Chennai,C45450,Amex,Travel,Male,15265.12,NetBanking,Swiggy,Retail,Declined,BR138
e102499,2026-01-21,Vizag,C47189,MasterCard,Groceries,Male,7350.23,UPI,IRCTC,Travel,Declined,BR143
e102500,2026-03-24,Vizag,C36479,Amex,Travel,Male,22307.36,Credit,HPCL,Travel,Approved,BR111
e102501,2026-01-11,Pune,C96621,Amex,Shopping,Female,20225.16,NetBanking,HPCL,Retail,Declined,BR136
e102502,2026-06-02,Hyderabad,C62144,MasterCard,Shopping,Male,12369.98,UPI,Swiggy,Travel,Declined,BR150
e102503,2026-06-16,Delhi,C19431,MasterCard,Fuel,Male,21919.62,NetBanking,HPCL,E-commerce,Declined,BR106
e102504,2026-01-03,Mumbai,C48531,RuPay,Shopping,Male,11901.39,Credit,IOCL,Fuel,Declined,BR129
e102505,2026-06-08,Delhi,C21225,MasterCard,Utilities,Male,24490.89,UPI,IRCTC,E-commerce,Approved,BR103
e102506,2026-03-02,Kolkata,C19792,Visa,Utilities,Female,11884.5,NetBanking,Swiggy,Utilities,Declined,BR106
e102507,2026-06-02,Pune,C53999,RuPay,Fuel,Female,24365.76,Credit,DMart,E-commerce,Declined,BR140
e102508,2026-01-01,Hyderabad,C24290,MasterCard,Fuel,Male,23685.46,Credit,HPCL,Retail,Declined,BR138
e102509,2026-03-08,Mumbai,C26187,MasterCard,Fuel,Male,8296.14,UPI,IOCL,Fuel,Approved,BR118
e102510,2026-05-23,Pune,C89255,Visa,Shopping,Male,8994.27,NetBanking,DMart,Food,Approved,BR132
e102511,2026-04-20,Mumbai,C64530,Visa,Dining,Female,21968.25,Credit,Swiggy,Fuel,Approved,BR116
e102512,2026-06-18,Chennai,C23988,RuPay,Dining,Female,756.13,UPI,Swiggy,Utilities,Declined,BR147
e102513,2026-03-08,Hyderabad,C79772,RuPay,Shopping,Female,20445.24,UPI,Reliance,Utilities,Declined,BR143
e102514,2026-02-18,Pune,C40285,Visa,Dining,Male,16957.38,Credit,HPCL,Retail,Declined,BR143
e102515,2026-04-14,Hyderabad,C63188,RuPay,Shopping,Female,4301.98,NetBanking,Zomato,Fuel,Declined,BR149
e102516,2026-02-26,Kolkata,C76222,MasterCard,Travel,Female,17403.3,UPI,Reliance,Food,Approved,BR107
e102517,2026-01-17,Chennai,C58406,MasterCard,Dining,Female,710.34,Credit,Amazon,E-commerce,Approved,BR135
e102518,2026-06-26,Kolkata,C97928,MasterCard,Groceries,Female,18699.99,UPI,IRCTC,E-commerce,Approved,BR131
e102519,2026-04-03,Delhi,C57452,Amex,Shopping,Female,14540.27,NetBanking,Reliance,Travel,Approved,BR136
e102520,2026-02-10,Pune,C81055,Amex,Groceries,Male,10981.03,UPI,Swiggy,E-commerce,Declined,BR115
e102521,2026-01-13,Delhi,C84958,MasterCard,Travel,Male,7893.36,NetBanking,Amazon,Food,Approved,BR104
e102522,2026-02-18,Delhi,C81257,MasterCard,Fuel,Male,4632.87,Credit,IOCL,E-commerce,Approved,BR140
e102523,2026-04-26,Pune,C64597,Visa,Groceries,Female,2584.24,Credit,IOCL,Fuel,Approved,BR125
e102524,2026-01-09,Vizag,C73685,Visa,Utilities,Female,11272.54,Credit,Reliance,Utilities,Declined,BR146
e102525,2026-01-01,Bengaluru,C74648,Amex,Travel,Male,18964.79,Credit,Amazon,Fuel,Declined,BR148
e102526,2026-01-30,Delhi,C15535,Amex,Fuel,Male,9328.13,NetBanking,Amazon,Retail,Approved,BR123
e102527,2026-03-30,Vizag,C21983,Visa,Fuel,Male,11222.36,UPI,Reliance,Retail,Declined,BR149
e102528,2026-02-17,Vizag,C40724,RuPay,Utilities,Male,21436.27,NetBanking,HPCL,Food,Declined,BR145
e102529,2026-04-27,Mumbai,C74065,Visa,Travel,Male,24828.09,NetBanking,Reliance,Food,Approved,BR101
e102530,2026-02-17,Mumbai,C88589,MasterCard,Groceries,Female,9886.17,Credit,Amazon,Utilities,Approved,BR143
e102531,2026-05-11,Kolkata,C19432,RuPay,Utilities,Male,14886.84,Credit,DMart,Utilities,Declined,BR124
e102532,2026-03-21,Vizag,C77384,Amex,Fuel,Female,9052.92,Credit,Zomato,Retail,Approved,BR127
e102533,2026-02-11,Delhi,C36917,MasterCard,Travel,Male,19736.52,NetBanking,Zomato,Fuel,Approved,BR119
e102534,2026-04-29,Pune,C88263,Amex,Travel,Female,9072.98,NetBanking,IRCTC,Retail,Approved,BR122
e102535,2026-05-24,Vizag,C92494,Amex,Utilities,Male,2950.32,Credit,Reliance,Travel,Approved,BR120
e102536,2026-03-14,Chennai,C49186,Amex,Travel,Male,17344.54,Credit,HPCL,Food,Approved,BR149
e102537,2026-05-17,Vizag,C26346,RuPay,Travel,Female,21043.07,NetBanking,IRCTC,Fuel,Declined,BR139
e102538,2026-06-15,Hyderabad,C17045,Amex,Fuel,Male,22029.53,UPI,DMart,Food,Declined,BR110
e102539,2026-03-25,Chennai,C13711,MasterCard,Travel,Male,23759.04,UPI,Zomato,Utilities,Approved,BR148
e102540,2026-02-10,Bengaluru,C25505,Visa,Shopping,Male,14392.63,NetBanking,IRCTC,Fuel,Approved,BR142
e102541,2026-02-03,Delhi,C62103,MasterCard,Travel,Male,22722.52,NetBanking,Amazon,Utilities,Declined,BR107
e102542,2026-01-10,Delhi,C36998,Amex,Groceries,Male,8021.16,NetBanking,Amazon,Fuel,Declined,BR119
e102543,2026-06-19,Chennai,C35421,Amex,Groceries,Female,20984.43,Credit,HPCL,Food,Declined,BR123
e102544,2026-02-13,Vizag,C16880,Amex,Dining,Female,11853.62,UPI,Reliance,Food,Declined,BR145
e102545,2026-05-14,Vizag,C25544,RuPay,Shopping,Female,665.81,UPI,Swiggy,Retail,Approved,BR108
e102546,2026-03-12,Bengaluru,C50325,Visa,Utilities,Male,23040.13,Credit,IRCTC,Travel,Declined,BR121
e102547,2026-02-26,Hyderabad,C44950,Amex,Utilities,Male,16422.61,UPI,HPCL,Food,Declined,BR133
e102548,2026-03-10,Vizag,C65712,Amex,Groceries,Female,5705.97,UPI,DMart,E-commerce,Declined,BR140
e102549,2026-01-24,Delhi,C15870,RuPay,Groceries,Female,10853.57,NetBanking,Amazon,Utilities,Approved,BR135
e102550,2026-03-08,Delhi,C76436,Amex,Utilities,Male,22126.43,UPI,IOCL,Travel,Approved,BR113
e102551,2026-01-31,Chennai,C20029,Visa,Utilities,Female,23358.86,UPI,HPCL,Retail,Approved,BR101
e102552,2026-03-06,Chennai,C73785,Amex,Shopping,Male,16727.78,UPI,IRCTC,Retail,Declined,BR125
e102553,2026-03-23,Pune,C92217,MasterCard,Dining,Male,6173.26,UPI,HPCL,Retail,Approved,BR108
e102554,2026-06-08,Mumbai,C24077,Amex,Travel,Male,12441.03,NetBanking,IRCTC,Utilities,Approved,BR138
e102555,2026-05-18,Vizag,C65944,RuPay,Utilities,Male,15836.73,UPI,Zomato,Food,Approved,BR123
e102556,2026-01-14,Bengaluru,C55014,MasterCard,Dining,Female,22755.6,UPI,DMart,Travel,Declined,BR133
e102557,2026-01-05,Chennai,C37321,RuPay,Shopping,Female,2741.33,UPI,Amazon,Travel,Declined,BR134
e102558,2026-02-14,Kolkata,C17441,MasterCard,Fuel,Female,16695.66,UPI,Amazon,Retail,Approved,BR133
e102559,2026-05-28,Mumbai,C24221,MasterCard,Utilities,Female,9101.78,UPI,IRCTC,E-commerce,Declined,BR122
e102560,2026-01-10,Vizag,C47386,Visa,Shopping,Male,14882.78,UPI,Zomato,Fuel,Declined,BR104
e102561,2026-01-01,Pune,C60157,RuPay,Travel,Female,9964.01,NetBanking,IOCL,Fuel,Approved,BR120
e102562,2026-01-04,Delhi,C10790,Amex,Travel,Female,6281.35,NetBanking,DMart,Utilities,Approved,BR110
e102563,2026-02-09,Kolkata,C28350,Amex,Travel,Male,23153.51,Credit,Reliance,Fuel,Declined,BR143
e102564,2026-04-23,Kolkata,C67644,RuPay,Shopping,Male,16999.31,Credit,IOCL,E-commerce,Approved,BR130
e102565,2026-02-17,Kolkata,C20329,MasterCard,Shopping,Female,18811.56,Credit,DMart,Utilities,Approved,BR118
e102566,2026-04-09,Delhi,C33430,Visa,Shopping,Male,2824.12,UPI,HPCL,Retail,Declined,BR150
e102567,2026-05-17,Mumbai,C39591,MasterCard,Dining,Male,15971.22,Credit,DMart,Travel,Approved,BR125
e102568,2026-03-16,Hyderabad,C63520,RuPay,Shopping,Female,12800.74,Credit,IOCL,E-commerce,Declined,BR104
e102569,2026-03-15,Delhi,C44774,Visa,Travel,Female,16263.14,UPI,HPCL,Fuel,Approved,BR138
e102570,2026-02-04,Chennai,C12089,Visa,Fuel,Male,11553.75,Credit,Reliance,Fuel,Declined,BR111
e102571,2026-03-19,Chennai,C69972,Amex,Fuel,Male,10655.31,NetBanking,HPCL,Travel,Approved,BR116
e102572,2026-03-28,Kolkata,C57873,RuPay,Utilities,Male,5288.01,UPI,IRCTC,Fuel,Approved,BR110
e102573,2026-04-02,Pune,C23134,Amex,Groceries,Male,11837.26,UPI,IRCTC,Retail,Declined,BR147
e102574,2026-01-25,Pune,C85558,MasterCard,Utilities,Female,22958.02,UPI,Swiggy,Travel,Declined,BR150
e102575,2026-04-09,Bengaluru,C77950,MasterCard,Fuel,Female,355.57,NetBanking,Amazon,Food,Declined,BR142
e102576,2026-05-11,Kolkata,C90809,Amex,Fuel,Male,16389.3,UPI,HPCL,Utilities,Approved,BR148
e102577,2026-01-20,Pune,C59478,Visa,Shopping,Male,11029.7,Credit,Amazon,Fuel,Declined,BR116
e102578,2026-03-31,Vizag,C83539,Visa,Travel,Male,11311.32,NetBanking,Amazon,Utilities,Declined,BR129
e102579,2026-05-06,Pune,C59798,Amex,Utilities,Male,10202.33,UPI,Amazon,Fuel,Declined,BR112
e102580,2026-05-28,Bengaluru,C42861,MasterCard,Utilities,Male,17872.46,NetBanking,IRCTC,Retail,Declined,BR131
e102581,2026-06-06,Vizag,C37849,Amex,Dining,Male,16711.33,NetBanking,HPCL,Food,Declined,BR116
e102582,2026-03-28,Kolkata,C73049,Amex,Utilities,Female,15160.31,Credit,Reliance,Fuel,Declined,BR141
e102583,2026-02-25,Chennai,C53499,Visa,Groceries,Female,7623.74,Credit,DMart,E-commerce,Declined,BR146
e102584,2026-01-05,Delhi,C11338,RuPay,Fuel,Female,11828.16,NetBanking,Amazon,E-commerce,Approved,BR109
e102585,2026-04-29,Pune,C16469,Amex,Shopping,Female,13465.64,Credit,HPCL,E-commerce,Approved,BR134
e102586,2026-01-04,Mumbai,C16413,MasterCard,Utilities,Male,5276.84,NetBanking,Amazon,Utilities,Declined,BR136
e102587,2026-04-24,Vizag,C57545,Amex,Travel,Male,15906.41,Credit,Reliance,Retail,Approved,BR144
e102588,2026-03-12,Vizag,C96599,Amex,Shopping,Female,23540.53,UPI,IOCL,Utilities,Approved,BR106
e102589,2026-02-16,Pune,C43095,Visa,Dining,Male,21981.4,NetBanking,IRCTC,E-commerce,Declined,BR110
e102590,2026-01-21,Pune,C20320,Amex,Groceries,Female,8018.9,Credit,Amazon,Retail,Declined,BR127
e102591,2026-05-22,Delhi,C85777,MasterCard,Fuel,Female,20653.35,Credit,IOCL,Food,Declined,BR141
e102592,2026-05-26,Mumbai,C84647,RuPay,Groceries,Male,8014.26,UPI,DMart,Fuel,Approved,BR108
e102593,2026-06-14,Chennai,C84442,RuPay,Dining,Female,23832.62,Credit,IRCTC,Food,Declined,BR123
e102594,2026-01-09,Hyderabad,C64994,RuPay,Fuel,Female,24300.76,NetBanking,Amazon,Food,Declined,BR106
e102595,2026-05-12,Hyderabad,C30585,RuPay,Groceries,Female,4235.85,Credit,IRCTC,Fuel,Declined,BR111
e102596,2026-01-25,Kolkata,C70275,Amex,Fuel,Male,2907.92,NetBanking,Amazon,Food,Declined,BR108
e102597,2026-03-21,Kolkata,C70040,Visa,Groceries,Female,12342.38,Credit,HPCL,Utilities,Approved,BR111
e102598,2026-03-14,Mumbai,C90773,Amex,Fuel,Female,24759.21,Credit,Swiggy,Food,Approved,BR113
e102599,2026-01-18,Hyderabad,C22356,MasterCard,Utilities,Male,16019.42,Credit,Swiggy,Retail,Approved,BR137
e102600,2026-06-05,Kolkata,C28765,MasterCard,Shopping,Female,21321.79,Credit,IOCL,Food,Declined,BR141
e102601,2026-06-01,Hyderabad,C38739,Amex,Shopping,Female,12952.29,NetBanking,IOCL,E-commerce,Declined,BR129
e102602,2026-01-24,Vizag,C37517,MasterCard,Groceries,Female,14649.15,UPI,IRCTC,Utilities,Declined,BR149
e102603,2026-02-19,Chennai,C81024,Amex,Shopping,Male,14710.15,UPI,Swiggy,Utilities,Approved,BR120
e102604,2026-01-31,Chennai,C70342,MasterCard,Fuel,Female,7582.93,UPI,Amazon,Retail,Approved,BR138
e102605,2026-04-22,Bengaluru,C45370,Amex,Dining,Male,8254.07,UPI,HPCL,E-commerce,Declined,BR133
e102606,2026-03-04,Pune,C51287,MasterCard,Utilities,Male,3795.36,Credit,IOCL,Retail,Approved,BR112
e102607,2026-05-02,Chennai,C26769,Visa,Utilities,Female,9542.02,NetBanking,Reliance,Retail,Approved,BR141
e102608,2026-01-30,Hyderabad,C35315,RuPay,Travel,Female,8647.2,Credit,IRCTC,Utilities,Approved,BR106
e102609,2026-01-05,Kolkata,C58664,Visa,Fuel,Male,2196.05,Credit,IRCTC,Fuel,Approved,BR137
e102610,2026-05-18,Chennai,C33104,MasterCard,Utilities,Female,8215.15,NetBanking,IRCTC,Retail,Declined,BR143
e102611,2026-03-03,Bengaluru,C35227,MasterCard,Fuel,Female,3377.81,Credit,IOCL,Utilities,Approved,BR136
e102612,2026-03-10,Pune,C91391,Visa,Utilities,Male,21636.58,Credit,HPCL,Utilities,Approved,BR133
e102613,2026-03-13,Bengaluru,C66218,RuPay,Dining,Female,23584.28,UPI,DMart,Fuel,Approved,BR116
e102614,2026-04-25,Pune,C74741,MasterCard,Groceries,Female,13206.65,UPI,Swiggy,Travel,Approved,BR129
e102615,2026-06-28,Bengaluru,C28957,Visa,Travel,Male,16441.66,NetBanking,Amazon,Food,Declined,BR132
e102616,2026-01-15,Hyderabad,C28275,Visa,Shopping,Female,409.43,Credit,Amazon,Fuel,Approved,BR122
e102617,2026-01-03,Hyderabad,C66234,MasterCard,Utilities,Female,8485.26,NetBanking,Amazon,Travel,Declined,BR127
e102618,2026-02-13,Pune,C80405,MasterCard,Groceries,Male,8293.54,NetBanking,Zomato,Travel,Declined,BR137
e102619,2026-06-18,Chennai,C46904,RuPay,Fuel,Female,8373.72,NetBanking,Swiggy,Travel,Declined,BR114
e102620,2026-05-16,Chennai,C23014,MasterCard,Dining,Male,5813.04,Credit,Amazon,Retail,Declined,BR145
e102621,2026-06-16,Chennai,C21195,Visa,Shopping,Male,19916.58,Credit,Amazon,Travel,Declined,BR121
e102622,2026-06-20,Hyderabad,C45191,Amex,Groceries,Female,14028.22,Credit,Zomato,E-commerce,Approved,BR103
e102623,2026-06-19,Pune,C11161,RuPay,Dining,Male,22388.88,NetBanking,HPCL,Food,Declined,BR106
e102624,2026-06-11,Mumbai,C49472,RuPay,Dining,Male,20291.98,Credit,DMart,Fuel,Approved,BR127
e102625,2026-03-25,Mumbai,C70598,RuPay,Shopping,Female,5620.42,NetBanking,HPCL,Fuel,Approved,BR147
e102626,2026-04-14,Pune,C67531,MasterCard,Dining,Male,16352.61,Credit,Swiggy,Fuel,Approved,BR144
e102627,2026-04-20,Delhi,C77525,Amex,Dining,Female,18130.52,UPI,IRCTC,Utilities,Declined,BR129
e102628,2026-04-11,Bengaluru,C99360,MasterCard,Shopping,Female,13351.22,Credit,DMart,Retail,Declined,BR131
e102629,2026-06-27,Mumbai,C42847,Visa,Shopping,Male,9543.39,UPI,Amazon,Travel,Approved,BR108
e102630,2026-01-09,Hyderabad,C85322,Amex,Travel,Male,20769.02,Credit,IOCL,Food,Approved,BR103
e102631,2026-06-28,Chennai,C59799,RuPay,Fuel,Female,22464.35,UPI,Zomato,Retail,Approved,BR130
e102632,2026-01-15,Chennai,C18683,Amex,Shopping,Male,6566.96,UPI,IOCL,Travel,Declined,BR125
e102633,2026-05-02,Vizag,C27076,MasterCard,Shopping,Female,18412.55,NetBanking,IOCL,Retail,Declined,BR136
e102634,2026-03-14,Pune,C94987,MasterCard,Groceries,Female,1211.51,Credit,Zomato,Travel,Approved,BR101
e102635,2026-05-17,Kolkata,C23230,MasterCard,Utilities,Female,9932.15,Credit,IRCTC,Utilities,Declined,BR101
e102636,2026-06-02,Pune,C16680,MasterCard,Groceries,Female,3575.09,NetBanking,Amazon,Travel,Approved,BR148
e102637,2026-01-23,Mumbai,C77401,Amex,Utilities,Female,18521.18,UPI,IOCL,Retail,Declined,BR130
e102638,2026-05-25,Mumbai,C48009,Visa,Groceries,Male,5272.41,UPI,Amazon,Food,Declined,BR137
e102639,2026-02-07,Kolkata,C42660,Amex,Groceries,Female,20579.91,UPI,Reliance,Utilities,Approved,BR149
e102640,2026-05-07,Pune,C47952,Amex,Groceries,Male,11567.79,UPI,Reliance,Utilities,Declined,BR131
e102641,2026-02-13,Chennai,C83976,RuPay,Dining,Female,13421.68,NetBanking,DMart,Retail,Approved,BR119
e102642,2026-03-08,Bengaluru,C35406,RuPay,Groceries,Female,2843.99,UPI,DMart,E-commerce,Declined,BR129
e102643,2026-01-07,Delhi,C40624,Visa,Fuel,Male,8812.8,UPI,IRCTC,Utilities,Declined,BR131
e102644,2026-02-07,Hyderabad,C24567,MasterCard,Utilities,Male,15784.88,UPI,HPCL,Fuel,Declined,BR117
e102645,2026-03-17,Pune,C28630,Amex,Utilities,Male,16792.74,Credit,Amazon,Utilities,Approved,BR131
e102646,2026-03-31,Hyderabad,C49730,Visa,Fuel,Female,14557.48,Credit,Reliance,Food,Declined,BR121
e102647,2026-01-24,Vizag,C68871,MasterCard,Fuel,Male,19235.05,UPI,IOCL,Travel,Approved,BR136
e102648,2026-05-16,Chennai,C42688,Amex,Shopping,Male,24541.92,NetBanking,IRCTC,Fuel,Declined,BR143
e102649,2026-04-06,Bengaluru,C16583,Amex,Shopping,Male,21501.65,NetBanking,Amazon,Food,Approved,BR109
e102650,2026-02-22,Delhi,C67201,Amex,Fuel,Female,3261.75,UPI,DMart,Retail,Approved,BR116
e102651,2026-04-01,Mumbai,C26120,MasterCard,Dining,Male,6497.91,NetBanking,IOCL,Retail,Declined,BR103
e102652,2026-01-12,Kolkata,C25241,MasterCard,Utilities,Male,24852.81,Credit,Amazon,Utilities,Declined,BR124
e102653,2026-01-03,Hyderabad,C68419,Visa,Shopping,Female,12795.19,Credit,Zomato,Fuel,Declined,BR147
e102654,2026-02-19,Vizag,C12862,Amex,Dining,Male,4644.93,Credit,HPCL,E-commerce,Approved,BR105
e102655,2026-04-05,Chennai,C59322,Visa,Dining,Male,1108.15,UPI,Reliance,Food,Declined,BR124
e102656,2026-02-27,Delhi,C25986,MasterCard,Groceries,Male,12237.89,Credit,Zomato,Utilities,Declined,BR104
e102657,2026-04-14,Chennai,C69564,Amex,Utilities,Male,6642.35,UPI,Zomato,Travel,Approved,BR122
e102658,2026-06-19,Bengaluru,C46620,Amex,Dining,Male,24195.8,NetBanking,IRCTC,Food,Declined,BR131
e102659,2026-02-23,Hyderabad,C84277,RuPay,Groceries,Male,11319.58,UPI,IRCTC,Utilities,Approved,BR106
e102660,2026-01-30,Pune,C47364,Visa,Dining,Female,15170.97,NetBanking,Zomato,Fuel,Approved,BR147
e102661,2026-06-11,Kolkata,C84711,RuPay,Shopping,Female,1611.25,UPI,Amazon,Travel,Approved,BR141
e102662,2026-06-14,Mumbai,C18772,RuPay,Groceries,Male,1345.85,NetBanking,HPCL,Fuel,Approved,BR148
e102663,2026-05-08,Kolkata,C93842,Amex,Dining,Female,8563.22,NetBanking,Amazon,E-commerce,Declined,BR127
e102664,2026-01-22,Kolkata,C96299,Amex,Shopping,Female,1635.53,Credit,Amazon,Food,Approved,BR148
e102665,2026-05-17,Vizag,C48925,Amex,Groceries,Female,20898.37,Credit,Swiggy,Food,Declined,BR108
e102666,2026-05-11,Hyderabad,C66217,RuPay,Groceries,Male,12799.08,Credit,Amazon,Retail,Approved,BR138
e102667,2026-03-04,Vizag,C97850,RuPay,Utilities,Male,5649.45,NetBanking,HPCL,Utilities,Approved,BR120
e102668,2026-01-20,Pune,C95206,Amex,Groceries,Male,10357.04,NetBanking,Reliance,Food,Declined,BR115
e102669,2026-06-30,Hyderabad,C63979,MasterCard,Travel,Female,8002.28,Credit,IOCL,Travel,Declined,BR141
e102670,2026-01-12,Bengaluru,C84311,MasterCard,Groceries,Female,17524.9,Credit,Swiggy,Retail,Declined,BR121
e102671,2026-05-02,Hyderabad,C91985,RuPay,Utilities,Female,22032.46,Credit,HPCL,Utilities,Declined,BR120
e102672,2026-06-25,Chennai,C61957,RuPay,Dining,Male,7997.63,Credit,Zomato,Retail,Declined,BR107
e102673,2026-05-25,Hyderabad,C37593,Visa,Utilities,Male,221.19,NetBanking,Swiggy,Fuel,Declined,BR111
e102674,2026-03-13,Pune,C99368,MasterCard,Groceries,Female,3112.73,UPI,IRCTC,Fuel,Declined,BR108
e102675,2026-03-08,Hyderabad,C54090,RuPay,Dining,Male,12068.05,NetBanking,Swiggy,Travel,Approved,BR142
e102676,2026-01-26,Chennai,C37120,MasterCard,Shopping,Female,3171.67,NetBanking,Swiggy,Food,Declined,BR114
e102677,2026-02-28,Bengaluru,C19523,Visa,Fuel,Female,17254.25,Credit,Amazon,Utilities,Approved,BR102
e102678,2026-03-18,Chennai,C34720,Amex,Utilities,Female,5048.69,Credit,IRCTC,Retail,Approved,BR103
e102679,2026-05-21,Vizag,C27851,RuPay,Dining,Male,21966.38,UPI,Zomato,E-commerce,Declined,BR109
e102680,2026-01-26,Vizag,C98437,RuPay,Dining,Female,22311.85,Credit,IRCTC,Fuel,Approved,BR109
e102681,2026-05-17,Chennai,C76897,MasterCard,Fuel,Male,6113.26,UPI,DMart,Retail,Declined,BR102
e102682,2026-05-30,Chennai,C77587,Amex,Shopping,Male,11883.72,NetBanking,Zomato,Fuel,Approved,BR122
e102683,2026-06-30,Vizag,C82332,Visa,Shopping,Male,2715.61,NetBanking,IRCTC,Travel,Approved,BR135
e102684,2026-02-12,Hyderabad,C58088,Visa,Shopping,Female,19624.03,UPI,Amazon,E-commerce,Declined,BR102
e102685,2026-04-15,Chennai,C69802,Amex,Dining,Female,17547.62,Credit,Reliance,Travel,Approved,BR113
e102686,2026-01-04,Hyderabad,C30416,MasterCard,Groceries,Male,20197.62,UPI,Zomato,Retail,Approved,BR105
e102687,2026-05-09,Pune,C56840,Visa,Shopping,Female,15389.69,Credit,Zomato,Food,Approved,BR107
e102688,2026-06-18,Vizag,C69686,Amex,Groceries,Female,23206.05,Credit,IOCL,Fuel,Declined,BR126
e102689,2026-06-30,Hyderabad,C38282,Visa,Travel,Male,10689.69,Credit,HPCL,Utilities,Approved,BR102
e102690,2026-04-04,Mumbai,C81788,RuPay,Fuel,Female,5576.62,NetBanking,Zomato,Travel,Approved,BR101
e102691,2026-04-01,Hyderabad,C87597,MasterCard,Dining,Female,23798.86,Credit,DMart,E-commerce,Declined,BR102
e102692,2026-06-25,Mumbai,C85597,Amex,Fuel,Male,12924.93,Credit,IOCL,Utilities,Approved,BR149
e102693,2026-02-05,Hyderabad,C78335,Visa,Travel,Male,9106.55,Credit,Reliance,Travel,Declined,BR103
e102694,2026-03-08,Bengaluru,C79812,Visa,Shopping,Male,20914.52,NetBanking,IOCL,Fuel,Declined,BR129
e102695,2026-04-13,Vizag,C77140,Amex,Travel,Male,24827.64,UPI,DMart,Utilities,Approved,BR143
e102696,2026-04-13,Bengaluru,C98781,Amex,Groceries,Female,1213.09,UPI,IRCTC,Retail,Declined,BR111
e102697,2026-05-03,Vizag,C49927,Amex,Travel,Female,153.12,Credit,IRCTC,Food,Declined,BR131
e102698,2026-01-09,Bengaluru,C59246,Visa,Dining,Male,9347.78,Credit,Reliance,E-commerce,Declined,BR142
e102699,2026-03-21,Kolkata,C18796,Visa,Shopping,Male,1274.75,UPI,HPCL,E-commerce,Declined,BR119
e102700,2026-03-28,Pune,C78575,Visa,Dining,Male,22127.09,UPI,Amazon,Retail,Declined,BR121
e102701,2026-05-11,Delhi,C60515,RuPay,Utilities,Male,13928.89,Credit,DMart,E-commerce,Approved,BR134
e102702,2026-04-05,Mumbai,C56607,Visa,Fuel,Male,9811.99,UPI,IOCL,Utilities,Declined,BR102
e102703,2026-04-24,Pune,C89903,Amex,Dining,Female,13096.7,UPI,IRCTC,E-commerce,Declined,BR112
e102704,2026-02-07,Hyderabad,C85995,Amex,Groceries,Male,11173.09,NetBanking,Swiggy,Retail,Approved,BR138
e102705,2026-03-23,Chennai,C61652,Visa,Travel,Male,13099.55,UPI,DMart,Fuel,Approved,BR145
e102706,2026-03-06,Mumbai,C67288,MasterCard,Fuel,Male,8914.54,NetBanking,IOCL,Fuel,Approved,BR143
e102707,2026-02-27,Bengaluru,C67194,Amex,Groceries,Female,17704.46,NetBanking,Amazon,Fuel,Declined,BR132
e102708,2026-02-12,Pune,C84634,MasterCard,Travel,Female,6636.08,UPI,Amazon,Fuel,Declined,BR143
e102709,2026-05-11,Kolkata,C97230,MasterCard,Groceries,Male,20731.96,Credit,DMart,Retail,Declined,BR106
e102710,2026-05-25,Bengaluru,C57803,Amex,Dining,Male,20644.95,NetBanking,IRCTC,Travel,Approved,BR107
e102711,2026-01-21,Hyderabad,C64136,Visa,Groceries,Male,10384.74,UPI,Zomato,E-commerce,Declined,BR120
e102712,2026-03-25,Chennai,C63540,Visa,Utilities,Male,24097.34,NetBanking,IOCL,Retail,Declined,BR103
e102713,2026-05-12,Delhi,C40668,RuPay,Travel,Female,9882.16,Credit,IOCL,Retail,Declined,BR132
e102714,2026-04-20,Bengaluru,C75340,Visa,Utilities,Female,1588.85,UPI,Reliance,Food,Approved,BR106
e102715,2026-05-06,Chennai,C22604,Visa,Dining,Male,4154.78,NetBanking,HPCL,Fuel,Approved,BR101
e102716,2026-03-01,Mumbai,C70097,RuPay,Utilities,Male,2941.9,Credit,HPCL,Fuel,Declined,BR101
e102717,2026-05-07,Hyderabad,C40599,MasterCard,Utilities,Male,10240.88,UPI,IOCL,Utilities,Approved,BR123
e102718,2026-01-29,Chennai,C67491,RuPay,Fuel,Female,1889.56,NetBanking,Swiggy,Food,Approved,BR149
e102719,2026-05-16,Pune,C79924,Amex,Utilities,Female,9285.06,UPI,IOCL,Fuel,Declined,BR141
e102720,2026-04-29,Delhi,C19156,Visa,Travel,Male,11298.22,UPI,DMart,Travel,Approved,BR126
e102721,2026-02-28,Vizag,C53897,RuPay,Fuel,Female,16409.63,Credit,HPCL,Fuel,Declined,BR131
e102722,2026-06-09,Pune,C86278,RuPay,Shopping,Male,22847.43,NetBanking,IRCTC,E-commerce,Approved,BR127
e102723,2026-02-05,Bengaluru,C69000,RuPay,Fuel,Male,8820.92,Credit,Amazon,Retail,Approved,BR108
e102724,2026-03-13,Chennai,C17799,Visa,Travel,Female,8017.24,UPI,IRCTC,Food,Declined,BR114
e102725,2026-01-14,Mumbai,C82385,RuPay,Shopping,Male,22559.07,NetBanking,HPCL,E-commerce,Approved,BR125
e102726,2026-05-13,Delhi,C68837,RuPay,Fuel,Male,6887.7,UPI,IRCTC,Utilities,Declined,BR109
e102727,2026-01-13,Kolkata,C25286,MasterCard,Fuel,Female,23693.18,UPI,IRCTC,Food,Approved,BR110
e102728,2026-02-17,Delhi,C10547,RuPay,Groceries,Male,2777.01,UPI,IOCL,Fuel,Declined,BR132
e102729,2026-06-10,Mumbai,C63760,RuPay,Fuel,Male,4863.62,UPI,IRCTC,Travel,Approved,BR103
e102730,2026-05-27,Mumbai,C60064,RuPay,Travel,Female,14718.24,UPI,Swiggy,Retail,Declined,BR127
e102731,2026-04-19,Chennai,C14778,Amex,Groceries,Male,22549.03,UPI,Zomato,Fuel,Approved,BR125
e102732,2026-03-27,Bengaluru,C46799,MasterCard,Travel,Male,22205.5,Credit,IRCTC,Travel,Approved,BR129
e102733,2026-01-21,Mumbai,C65715,Visa,Utilities,Female,21791.93,NetBanking,Amazon,Travel,Approved,BR148
e102734,2026-03-27,Vizag,C40007,Amex,Shopping,Female,12637.05,UPI,Reliance,Food,Declined,BR144
e102735,2026-04-24,Pune,C82050,RuPay,Shopping,Female,24936.65,UPI,DMart,E-commerce,Approved,BR150
e102736,2026-06-10,Vizag,C91310,RuPay,Groceries,Male,23700.79,UPI,Zomato,Fuel,Declined,BR147
e102737,2026-03-21,Hyderabad,C50889,MasterCard,Dining,Male,18560.89,Credit,Swiggy,Travel,Approved,BR111
e102738,2026-05-10,Vizag,C20977,Amex,Dining,Male,3775.47,NetBanking,IRCTC,Utilities,Declined,BR136
e102739,2026-01-27,Kolkata,C45510,Visa,Groceries,Male,20439.95,UPI,DMart,E-commerce,Approved,BR116
e102740,2026-05-11,Pune,C97585,RuPay,Utilities,Male,7403.16,UPI,IRCTC,Retail,Approved,BR107
e102741,2026-03-13,Kolkata,C38076,Amex,Groceries,Male,24989.75,Credit,Zomato,Travel,Declined,BR121
e102742,2026-05-11,Chennai,C63191,MasterCard,Shopping,Female,23600.42,NetBanking,HPCL,Fuel,Declined,BR139
e102743,2026-01-23,Mumbai,C22406,RuPay,Dining,Male,2522.91,NetBanking,HPCL,Travel,Declined,BR101
e102744,2026-03-17,Chennai,C56388,Amex,Fuel,Male,12354.21,Credit,Swiggy,Utilities,Approved,BR136
e102745,2026-01-15,Pune,C92747,Amex,Dining,Male,23766.18,NetBanking,Zomato,Retail,Declined,BR102
e102746,2026-04-17,Delhi,C36897,Visa,Utilities,Female,10968.66,NetBanking,Amazon,Retail,Declined,BR140
e102747,2026-04-06,Delhi,C47493,RuPay,Utilities,Male,8865.3,NetBanking,Zomato,Fuel,Approved,BR105
e102748,2026-06-14,Vizag,C25640,MasterCard,Groceries,Female,828.75,NetBanking,Zomato,Fuel,Approved,BR105
e102749,2026-03-04,Mumbai,C41743,RuPay,Shopping,Male,4511.29,NetBanking,Amazon,Food,Approved,BR112
e102750,2026-05-15,Hyderabad,C89540,Visa,Shopping,Female,7811.08,UPI,Swiggy,Food,Approved,BR104
e102751,2026-05-11,Chennai,C31692,Visa,Utilities,Male,10385.82,Credit,Amazon,E-commerce,Declined,BR106
e102752,2026-02-01,Delhi,C91701,Visa,Dining,Female,18350.95,UPI,Amazon,Retail,Approved,BR128
e102753,2026-02-18,Vizag,C66051,Visa,Groceries,Female,11866.1,Credit,Zomato,E-commerce,Approved,BR132
e102754,2026-02-15,Bengaluru,C46989,MasterCard,Utilities,Male,17603.9,UPI,Zomato,Retail,Declined,BR145
e102755,2026-05-01,Vizag,C45906,Amex,Travel,Female,16650.68,UPI,Reliance,Travel,Approved,BR105
e102756,2026-02-24,Vizag,C68880,MasterCard,Fuel,Female,14318.08,Credit,Amazon,Retail,Approved,BR108
e102757,2026-05-19,Kolkata,C98671,Visa,Groceries,Female,3392.35,UPI,Zomato,Travel,Approved,BR115
e102758,2026-01-30,Kolkata,C32425,Visa,Utilities,Male,14407.6,UPI,IOCL,Food,Declined,BR124
e102759,2026-01-13,Delhi,C29661,RuPay,Travel,Male,2546.24,Credit,Swiggy,Food,Declined,BR102
e102760,2026-06-14,Pune,C23388,MasterCard,Utilities,Male,22241.45,Credit,Amazon,E-commerce,Approved,BR138
e102761,2026-05-11,Chennai,C11319,Amex,Travel,Female,946.32,UPI,IOCL,Retail,Approved,BR131
e102762,2026-04-24,Kolkata,C58878,Visa,Dining,Female,11693.72,NetBanking,Swiggy,Food,Declined,BR119
e102763,2026-01-24,Vizag,C72513,MasterCard,Travel,Male,16311.3,Credit,Zomato,Retail,Approved,BR143
e102764,2026-03-04,Pune,C19602,MasterCard,Groceries,Male,598.95,UPI,DMart,Utilities,Declined,BR149
e102765,2026-03-10,Bengaluru,C28305,Amex,Groceries,Male,19026.29,UPI,IOCL,Fuel,Approved,BR111
e102766,2026-02-23,Kolkata,C90895,MasterCard,Shopping,Male,14676.83,UPI,Zomato,Travel,Declined,BR118
e102767,2026-06-11,Bengaluru,C10393,Amex,Utilities,Female,21471.69,NetBanking,DMart,Travel,Declined,BR139
e102768,2026-05-26,Mumbai,C20868,Amex,Travel,Female,13168.08,UPI,Amazon,Utilities,Declined,BR126
e102769,2026-02-11,Kolkata,C44188,Visa,Fuel,Female,19651.44,UPI,Reliance,Fuel,Declined,BR127
e102770,2026-01-16,Mumbai,C18945,Visa,Shopping,Female,7928.83,Credit,HPCL,Retail,Declined,BR140
e102771,2026-06-24,Vizag,C28556,MasterCard,Utilities,Female,17189.02,UPI,HPCL,Utilities,Declined,BR137
e102772,2026-03-29,Chennai,C49098,Visa,Groceries,Female,20074.81,UPI,IRCTC,Food,Declined,BR147
e102773,2026-05-18,Mumbai,C62232,MasterCard,Utilities,Female,3953.27,Credit,Zomato,Retail,Declined,BR132
e102774,2026-01-31,Bengaluru,C75845,MasterCard,Shopping,Male,23400.7,NetBanking,DMart,E-commerce,Declined,BR136
e102775,2026-04-28,Chennai,C94692,RuPay,Fuel,Female,11751.28,NetBanking,Swiggy,Food,Declined,BR112
e102776,2026-06-29,Bengaluru,C24934,Amex,Dining,Male,5827.71,UPI,IRCTC,Travel,Approved,BR105
e102777,2026-05-20,Mumbai,C46440,Amex,Groceries,Male,21717.69,Credit,Amazon,Utilities,Approved,BR115
e102778,2026-05-22,Chennai,C30699,RuPay,Fuel,Female,2518.68,UPI,HPCL,Utilities,Declined,BR148
e102779,2026-03-14,Chennai,C99744,Visa,Groceries,Female,4101.58,Credit,Zomato,Travel,Approved,BR124
e102780,2026-05-07,Pune,C51274,Amex,Utilities,Male,11110.77,UPI,HPCL,Fuel,Declined,BR116
e102781,2026-05-06,Bengaluru,C39494,RuPay,Fuel,Male,20294.52,NetBanking,Reliance,Travel,Approved,BR111
e102782,2026-06-30,Bengaluru,C30710,MasterCard,Shopping,Female,8118.66,UPI,DMart,Retail,Approved,BR106
e102783,2026-04-04,Mumbai,C89512,Amex,Shopping,Male,15023.33,UPI,Swiggy,Fuel,Approved,BR124
e102784,2026-02-22,Mumbai,C68238,Amex,Travel,Female,22703.34,NetBanking,Zomato,Food,Approved,BR109
e102785,2026-03-08,Bengaluru,C60258,MasterCard,Dining,Male,2798.9,Credit,Swiggy,Travel,Declined,BR127
e102786,2026-03-11,Hyderabad,C75128,MasterCard,Fuel,Male,22652.6,UPI,HPCL,Food,Declined,BR139
e102787,2026-05-04,Hyderabad,C52359,MasterCard,Travel,Female,6125.85,Credit,Zomato,Retail,Declined,BR101
e102788,2026-01-25,Bengaluru,C76745,Amex,Fuel,Female,9364.19,Credit,IRCTC,Utilities,Declined,BR104
e102789,2026-03-24,Delhi,C15060,Visa,Dining,Female,6297.01,Credit,IRCTC,E-commerce,Approved,BR141
e102790,2026-04-18,Bengaluru,C76083,Visa,Travel,Female,19003.52,Credit,Reliance,Fuel,Declined,BR135
e102791,2026-05-11,Pune,C78142,Amex,Shopping,Female,14426.83,UPI,Amazon,Travel,Declined,BR112
e102792,2026-02-12,Kolkata,C16710,Amex,Travel,Male,18031.95,NetBanking,Amazon,E-commerce,Declined,BR109
e102793,2026-02-04,Mumbai,C41832,Visa,Fuel,Female,21226.98,NetBanking,Amazon,Fuel,Approved,BR136
e102794,2026-04-11,Chennai,C96359,RuPay,Utilities,Male,16083.12,NetBanking,Amazon,E-commerce,Declined,BR105
e102795,2026-03-14,Kolkata,C54111,RuPay,Dining,Male,23207.55,UPI,Zomato,E-commerce,Approved,BR148
e102796,2026-06-09,Kolkata,C55635,Amex,Travel,Male,14189.97,NetBanking,DMart,Utilities,Declined,BR140
e102797,2026-05-14,Pune,C61074,RuPay,Groceries,Female,5448.39,UPI,HPCL,Utilities,Declined,BR123
e102798,2026-04-10,Pune,C16247,Amex,Utilities,Male,1935.62,Credit,DMart,Food,Approved,BR140
e102799,2026-04-17,Chennai,C37017,Amex,Groceries,Female,15302.63,NetBanking,Amazon,Utilities,Approved,BR117
e102800,2026-04-08,Kolkata,C14745,MasterCard,Shopping,Female,19654.64,NetBanking,IOCL,Retail,Declined,BR107
e102801,2026-06-15,Kolkata,C67391,Visa,Utilities,Male,16671.7,NetBanking,IOCL,Food,Declined,BR109
e102802,2026-02-08,Chennai,C93016,Amex,Groceries,Female,12269.59,NetBanking,Reliance,Food,Declined,BR131
e102803,2026-06-15,Bengaluru,C24016,Amex,Travel,Female,8523.79,Credit,IRCTC,Travel,Declined,BR121
e102804,2026-03-30,Bengaluru,C91238,Visa,Travel,Male,2389.03,NetBanking,HPCL,Travel,Declined,BR120
e102805,2026-01-06,Chennai,C86141,RuPay,Shopping,Female,10847.28,UPI,IOCL,E-commerce,Approved,BR121
e102806,2026-02-26,Mumbai,C99396,RuPay,Fuel,Female,8201.93,NetBanking,HPCL,Utilities,Declined,BR138
e102807,2026-01-22,Pune,C11186,Amex,Groceries,Female,8221.83,UPI,Reliance,Fuel,Approved,BR115
e102808,2026-01-04,Delhi,C52869,MasterCard,Shopping,Male,12431.48,Credit,IOCL,Retail,Declined,BR141
e102809,2026-01-03,Bengaluru,C89721,RuPay,Dining,Female,457.56,Credit,Swiggy,Travel,Approved,BR129
e102810,2026-03-12,Vizag,C27763,Amex,Dining,Male,21636.29,Credit,HPCL,Utilities,Declined,BR127
e102811,2026-01-26,Hyderabad,C60911,MasterCard,Dining,Female,15257.82,Credit,Swiggy,Food,Approved,BR147
e102812,2026-01-13,Mumbai,C54707,RuPay,Dining,Female,12236.67,Credit,IRCTC,Fuel,Approved,BR132
e102813,2026-01-16,Pune,C18140,MasterCard,Fuel,Female,1082.86,Credit,IOCL,Fuel,Approved,BR124
e102814,2026-04-26,Hyderabad,C33319,Visa,Utilities,Male,12031.31,NetBanking,Swiggy,Food,Declined,BR146
e102815,2026-01-06,Vizag,C98739,MasterCard,Groceries,Male,10025.61,UPI,IOCL,Travel,Approved,BR142
e102816,2026-03-31,Vizag,C15567,MasterCard,Fuel,Female,23305.38,NetBanking,IOCL,Fuel,Declined,BR120
e102817,2026-03-25,Vizag,C74831,Visa,Shopping,Male,14402.15,UPI,Reliance,Utilities,Declined,BR101
e102818,2026-06-14,Kolkata,C96197,MasterCard,Utilities,Female,6248.96,NetBanking,Swiggy,Food,Approved,BR131
e102819,2026-06-21,Mumbai,C31026,Amex,Dining,Male,19902.51,NetBanking,Swiggy,Travel,Declined,BR137
e102820,2026-04-01,Delhi,C34987,MasterCard,Utilities,Male,18652.3,UPI,Swiggy,Utilities,Declined,BR137
e102821,2026-05-04,Hyderabad,C37471,Amex,Fuel,Female,24568.61,NetBanking,Reliance,Fuel,Declined,BR131
e102822,2026-06-10,Vizag,C60785,RuPay,Utilities,Female,702.74,Credit,Zomato,Food,Approved,BR144
e102823,2026-06-19,Kolkata,C66493,Visa,Shopping,Male,15922.16,Credit,DMart,Utilities,Declined,BR150
e102824,2026-06-10,Delhi,C31619,RuPay,Fuel,Female,19229.62,Credit,Reliance,Fuel,Approved,BR143
e102825,2026-06-23,Kolkata,C96380,Amex,Utilities,Female,4772.41,UPI,DMart,Travel,Declined,BR117
e102826,2026-06-23,Hyderabad,C25645,Visa,Travel,Male,6790.89,UPI,IRCTC,E-commerce,Declined,BR144
e102827,2026-06-08,Hyderabad,C14406,Amex,Groceries,Male,18647.77,NetBanking,HPCL,Fuel,Approved,BR105
e102828,2026-02-15,Vizag,C99704,Visa,Fuel,Female,7652.66,UPI,Reliance,Food,Approved,BR144
e102829,2026-06-08,Delhi,C11547,Amex,Shopping,Male,15901.48,UPI,Reliance,Travel,Declined,BR108
e102830,2026-05-27,Delhi,C51895,RuPay,Groceries,Female,7249.16,UPI,HPCL,Utilities,Declined,BR107
e102831,2026-03-03,Bengaluru,C31326,Visa,Utilities,Female,13319.19,UPI,IOCL,Fuel,Declined,BR113
e102832,2026-03-24,Delhi,C70454,MasterCard,Groceries,Male,5055.95,NetBanking,Swiggy,Travel,Approved,BR127
e102833,2026-01-27,Kolkata,C25622,Visa,Groceries,Male,10555.96,UPI,DMart,Retail,Approved,BR132
e102834,2026-05-17,Delhi,C35110,RuPay,Shopping,Female,511.58,UPI,IOCL,E-commerce,Approved,BR141
e102835,2026-02-25,Pune,C38909,RuPay,Utilities,Female,16845.55,NetBanking,Swiggy,Fuel,Declined,BR143
e102836,2026-03-24,Mumbai,C17173,Visa,Groceries,Female,6238.29,Credit,Reliance,Fuel,Approved,BR128
e102837,2026-06-18,Vizag,C73606,Amex,Fuel,Male,1521.02,UPI,Amazon,Utilities,Declined,BR106
e102838,2026-06-05,Vizag,C60108,RuPay,Utilities,Female,21989.44,UPI,IOCL,Utilities,Declined,BR117
e102839,2026-03-04,Vizag,C23430,Visa,Shopping,Female,7021.2,NetBanking,Reliance,Travel,Declined,BR135
e102840,2026-03-03,Pune,C53222,RuPay,Dining,Male,10068.82,UPI,Zomato,Retail,Approved,BR139
e102841,2026-01-20,Hyderabad,C82468,RuPay,Groceries,Male,18224.01,NetBanking,IOCL,Food,Approved,BR127
e102842,2026-01-19,Bengaluru,C24179,Visa,Groceries,Male,4608.63,NetBanking,IOCL,Travel,Approved,BR138
e102843,2026-04-14,Hyderabad,C19569,MasterCard,Shopping,Male,8429.0,NetBanking,DMart,E-commerce,Approved,BR103
e102844,2026-01-14,Bengaluru,C68818,RuPay,Shopping,Female,9694.04,UPI,IRCTC,Fuel,Declined,BR135
e102845,2026-01-04,Chennai,C44167,RuPay,Shopping,Female,8514.49,NetBanking,Zomato,Food,Declined,BR142
e102846,2026-06-11,Chennai,C67790,Visa,Shopping,Female,6424.53,Credit,Amazon,E-commerce,Approved,BR107
e102847,2026-04-28,Bengaluru,C21997,Amex,Travel,Female,2347.01,UPI,DMart,Food,Declined,BR122
e102848,2026-01-25,Vizag,C34932,RuPay,Groceries,Male,24357.49,UPI,Amazon,Utilities,Declined,BR111
e102849,2026-04-15,Bengaluru,C12420,Amex,Travel,Male,15105.44,NetBanking,Reliance,Retail,Declined,BR114
e102850,2026-03-12,Pune,C10074,Amex,Fuel,Male,8293.46,NetBanking,DMart,E-commerce,Declined,BR141
e102851,2026-04-22,Bengaluru,C69713,Visa,Fuel,Female,4153.5,NetBanking,Reliance,E-commerce,Declined,BR116
e102852,2026-04-28,Chennai,C85302,RuPay,Utilities,Female,738.22,NetBanking,IRCTC,Food,Approved,BR112
e102853,2026-03-24,Chennai,C84697,MasterCard,Dining,Male,3114.97,Credit,IRCTC,Travel,Declined,BR133
e102854,2026-02-18,Delhi,C27465,RuPay,Shopping,Male,174.69,NetBanking,DMart,Travel,Declined,BR139
e102855,2026-04-30,Kolkata,C32987,MasterCard,Shopping,Male,15802.14,UPI,IRCTC,E-commerce,Approved,BR146
e102856,2026-02-02,Kolkata,C49601,MasterCard,Fuel,Female,17518.75,Credit,IOCL,Utilities,Approved,BR122
e102857,2026-05-30,Pune,C25721,Amex,Travel,Female,4844.15,NetBanking,Amazon,Retail,Approved,BR126
e102858,2026-02-02,Delhi,C41703,RuPay,Dining,Male,21126.5,UPI,Reliance,Fuel,Declined,BR119
e102859,2026-02-05,Pune,C23564,RuPay,Fuel,Female,24216.38,Credit,Amazon,Utilities,Approved,BR149
e102860,2026-04-16,Chennai,C79567,Visa,Fuel,Female,12393.99,Credit,HPCL,Fuel,Declined,BR120
e102861,2026-05-19,Delhi,C19394,RuPay,Groceries,Female,14173.48,UPI,Swiggy,Travel,Approved,BR148
e102862,2026-04-28,Hyderabad,C18747,RuPay,Travel,Female,2770.47,Credit,Reliance,Utilities,Declined,BR117
e102863,2026-04-02,Bengaluru,C47546,Amex,Fuel,Male,12624.52,Credit,Amazon,Utilities,Declined,BR149
e102864,2026-06-13,Hyderabad,C82454,RuPay,Travel,Male,6530.05,NetBanking,IRCTC,Travel,Declined,BR131
e102865,2026-05-08,Pune,C12457,Amex,Shopping,Male,9221.1,UPI,Swiggy,Fuel,Approved,BR126
e102866,2026-02-27,Delhi,C54810,Amex,Groceries,Female,20477.74,NetBanking,Reliance,Retail,Declined,BR147
e102867,2026-02-25,Chennai,C92788,RuPay,Travel,Female,15392.24,Credit,DMart,Food,Declined,BR123
e102868,2026-01-10,Mumbai,C23793,MasterCard,Utilities,Female,4274.06,Credit,HPCL,Food,Approved,BR125
e102869,2026-04-11,Chennai,C43681,MasterCard,Dining,Male,14499.95,NetBanking,Zomato,E-commerce,Declined,BR114
e102870,2026-03-28,Chennai,C78889,Visa,Travel,Female,8765.53,Credit,Amazon,Food,Approved,BR109
e102871,2026-05-19,Hyderabad,C72432,MasterCard,Shopping,Female,3641.02,UPI,Reliance,Travel,Declined,BR127
e102872,2026-06-24,Chennai,C77617,RuPay,Fuel,Male,14399.02,NetBanking,Swiggy,E-commerce,Approved,BR119
e102873,2026-01-24,Delhi,C63760,Amex,Fuel,Female,21080.77,UPI,IRCTC,Travel,Approved,BR106
e102874,2026-03-25,Kolkata,C15063,Visa,Utilities,Female,19133.71,NetBanking,IOCL,Fuel,Declined,BR142
e102875,2026-05-17,Bengaluru,C83933,MasterCard,Groceries,Male,15975.9,NetBanking,HPCL,Retail,Approved,BR122
e102876,2026-06-21,Hyderabad,C13374,Visa,Shopping,Female,15440.34,Credit,DMart,Fuel,Declined,BR140
e102877,2026-04-12,Mumbai,C56079,MasterCard,Dining,Female,23427.12,NetBanking,HPCL,Food,Approved,BR131
e102878,2026-02-10,Hyderabad,C51754,MasterCard,Dining,Female,17890.58,NetBanking,Reliance,Food,Declined,BR104
e102879,2026-05-27,Bengaluru,C41088,Visa,Shopping,Female,10519.08,NetBanking,HPCL,Travel,Declined,BR104
e102880,2026-04-24,Bengaluru,C25702,Amex,Travel,Male,9134.35,Credit,Reliance,Retail,Approved,BR127
e102881,2026-03-19,Bengaluru,C51567,Visa,Dining,Female,10381.76,Credit,DMart,Fuel,Declined,BR140
e102882,2026-04-23,Kolkata,C67178,MasterCard,Fuel,Male,14043.92,Credit,IOCL,Utilities,Approved,BR113
e102883,2026-03-09,Mumbai,C79944,MasterCard,Groceries,Female,23072.12,NetBanking,Reliance,Travel,Approved,BR134
e102884,2026-02-13,Kolkata,C63561,RuPay,Travel,Male,19679.03,NetBanking,Swiggy,Travel,Declined,BR129
e102885,2026-06-18,Mumbai,C51273,MasterCard,Travel,Female,7587.55,Credit,HPCL,E-commerce,Approved,BR139
e102886,2026-02-02,Hyderabad,C84440,RuPay,Fuel,Male,12526.01,Credit,IRCTC,Retail,Approved,BR123
e102887,2026-06-02,Hyderabad,C76617,Amex,Shopping,Male,12411.08,UPI,DMart,Travel,Declined,BR129
e102888,2026-06-18,Vizag,C67093,Visa,Utilities,Female,3583.41,Credit,Swiggy,Food,Approved,BR106
e102889,2026-04-29,Vizag,C66684,Amex,Shopping,Female,13394.38,UPI,Reliance,Utilities,Declined,BR113
e102890,2026-04-05,Bengaluru,C80207,MasterCard,Fuel,Male,2967.88,NetBanking,Swiggy,E-commerce,Declined,BR140
e102891,2026-05-20,Mumbai,C38101,Amex,Fuel,Female,10576.98,Credit,DMart,Travel,Declined,BR102
e102892,2026-01-02,Chennai,C39951,Visa,Shopping,Male,17335.83,Credit,Swiggy,Fuel,Declined,BR123
e102893,2026-03-19,Vizag,C11714,Visa,Groceries,Female,20090.62,UPI,HPCL,Food,Declined,BR142
e102894,2026-05-15,Bengaluru,C31825,Visa,Fuel,Male,12547.29,Credit,HPCL,Food,Approved,BR106
e102895,2026-03-25,Delhi,C23338,Visa,Utilities,Male,8776.41,Credit,IOCL,Food,Declined,BR127
e102896,2026-02-10,Bengaluru,C99167,MasterCard,Dining,Male,17155.66,NetBanking,IOCL,Utilities,Approved,BR148
e102897,2026-02-25,Pune,C33175,Amex,Dining,Female,22388.94,UPI,DMart,Retail,Approved,BR144
e102898,2026-05-28,Vizag,C83549,MasterCard,Groceries,Female,10485.37,NetBanking,Amazon,Fuel,Approved,BR115
e102899,2026-04-24,Pune,C57038,RuPay,Dining,Female,4649.17,UPI,HPCL,Food,Approved,BR146
e102900,2026-05-24,Pune,C73985,Visa,Dining,Female,11359.22,NetBanking,Amazon,Food,Declined,BR113
e102901,2026-02-10,Pune,C46592,RuPay,Groceries,Female,2305.33,NetBanking,Amazon,Food,Declined,BR123
e102902,2026-05-09,Delhi,C22795,Visa,Dining,Female,5438.6,UPI,Reliance,Retail,Declined,BR139
e102903,2026-03-16,Pune,C37010,MasterCard,Travel,Male,23073.73,UPI,DMart,Fuel,Declined,BR136
e102904,2026-01-06,Pune,C31793,MasterCard,Travel,Male,24794.67,NetBanking,DMart,E-commerce,Approved,BR108
e102905,2026-04-22,Bengaluru,C99369,Amex,Fuel,Male,10027.63,Credit,Swiggy,E-commerce,Approved,BR112
e102906,2026-04-27,Delhi,C27222,Visa,Dining,Female,17335.33,Credit,Zomato,Retail,Approved,BR133
e102907,2026-01-18,Chennai,C77008,MasterCard,Fuel,Male,4905.29,UPI,Reliance,Fuel,Declined,BR112
e102908,2026-06-02,Pune,C21707,MasterCard,Utilities,Female,5774.51,UPI,Zomato,E-commerce,Approved,BR127
e102909,2026-05-03,Kolkata,C87338,Visa,Dining,Female,12811.9,UPI,Reliance,Retail,Declined,BR137
e102910,2026-04-18,Bengaluru,C41865,MasterCard,Utilities,Female,865.96,UPI,DMart,E-commerce,Approved,BR132
e102911,2026-04-07,Chennai,C98816,Visa,Shopping,Female,1953.19,NetBanking,IRCTC,Utilities,Approved,BR144
e102912,2026-05-15,Chennai,C83741,MasterCard,Dining,Female,5835.11,NetBanking,IRCTC,Utilities,Approved,BR131
e102913,2026-06-22,Hyderabad,C71041,Visa,Fuel,Female,4719.81,Credit,Swiggy,Utilities,Declined,BR107
e102914,2026-04-26,Vizag,C30932,Visa,Dining,Male,17412.26,Credit,Reliance,Fuel,Declined,BR101
e102915,2026-05-04,Mumbai,C99917,Amex,Utilities,Female,5748.13,NetBanking,Swiggy,Fuel,Approved,BR136
e102916,2026-05-22,Mumbai,C64884,MasterCard,Fuel,Female,12839.4,Credit,IRCTC,E-commerce,Approved,BR133
e102917,2026-02-17,Kolkata,C92201,MasterCard,Shopping,Male,11102.03,Credit,Zomato,Retail,Declined,BR104
e102918,2026-04-21,Vizag,C85326,MasterCard,Utilities,Female,24921.81,UPI,HPCL,Travel,Approved,BR103
e102919,2026-03-28,Mumbai,C86612,Visa,Travel,Male,588.64,Credit,DMart,E-commerce,Declined,BR130
e102920,2026-06-11,Delhi,C94786,MasterCard,Travel,Female,9681.35,NetBanking,IRCTC,Food,Approved,BR103
e102921,2026-06-12,Kolkata,C95109,Visa,Shopping,Female,14942.11,NetBanking,Amazon,Fuel,Approved,BR111
e102922,2026-06-19,Vizag,C40826,Visa,Utilities,Female,253.37,UPI,Amazon,Retail,Declined,BR111
e102923,2026-04-01,Kolkata,C55767,Amex,Travel,Female,7358.54,NetBanking,Zomato,Fuel,Approved,BR110
e102924,2026-03-13,Hyderabad,C57800,Amex,Dining,Male,3751.91,Credit,Reliance,Retail,Approved,BR150
e102925,2026-03-20,Kolkata,C82935,RuPay,Groceries,Female,4293.39,Credit,IOCL,Utilities,Declined,BR115
e102926,2026-04-24,Hyderabad,C23367,Visa,Fuel,Male,21692.96,UPI,Swiggy,Utilities,Approved,BR123
e102927,2026-06-11,Vizag,C46745,RuPay,Dining,Male,20738.29,NetBanking,DMart,Food,Approved,BR136
e102928,2026-05-04,Kolkata,C93819,MasterCard,Groceries,Female,9635.83,Credit,Swiggy,Food,Approved,BR113
e102929,2026-02-08,Hyderabad,C74620,Amex,Dining,Female,14092.65,UPI,Zomato,Food,Approved,BR123
e102930,2026-02-01,Vizag,C48147,Visa,Shopping,Female,15116.68,UPI,Amazon,Utilities,Declined,BR125
e102931,2026-06-13,Kolkata,C62148,Amex,Utilities,Female,21069.17,NetBanking,DMart,Retail,Declined,BR109
e102932,2026-04-17,Delhi,C59228,RuPay,Utilities,Male,15459.59,Credit,HPCL,Utilities,Declined,BR102
e102933,2026-05-01,Vizag,C91765,Amex,Fuel,Female,13443.96,UPI,DMart,Retail,Declined,BR117
e102934,2026-05-05,Chennai,C94433,MasterCard,Utilities,Female,23970.69,Credit,Zomato,Fuel,Declined,BR110
e102935,2026-06-05,Vizag,C17312,Amex,Groceries,Female,12266.16,NetBanking,HPCL,Fuel,Approved,BR105
e102936,2026-05-13,Mumbai,C77347,Visa,Fuel,Female,11171.51,Credit,DMart,Utilities,Approved,BR104
e102937,2026-03-13,Kolkata,C10481,Amex,Dining,Male,15252.35,UPI,Swiggy,E-commerce,Approved,BR113
e102938,2026-06-23,Bengaluru,C48002,Amex,Shopping,Male,11302.39,Credit,Zomato,Food,Declined,BR139
e102939,2026-04-17,Mumbai,C35540,MasterCard,Utilities,Male,23434.74,Credit,Swiggy,E-commerce,Approved,BR134
e102940,2026-03-05,Kolkata,C71658,Visa,Dining,Male,19513.13,NetBanking,IRCTC,Utilities,Declined,BR141
e102941,2026-03-30,Mumbai,C37249,MasterCard,Travel,Male,11074.46,Credit,DMart,Utilities,Approved,BR105
e102942,2026-04-18,Pune,C14997,RuPay,Travel,Male,15094.25,UPI,Amazon,Food,Approved,BR127
e102943,2026-05-25,Kolkata,C46910,Amex,Utilities,Male,15025.56,Credit,Zomato,E-commerce,Approved,BR122
e102944,2026-01-26,Hyderabad,C11375,Visa,Shopping,Female,3786.41,Credit,Amazon,Retail,Declined,BR117
e102945,2026-06-29,Mumbai,C38977,Visa,Dining,Female,15207.37,NetBanking,Swiggy,Food,Approved,BR150
e102946,2026-06-11,Pune,C45394,Visa,Utilities,Female,14618.23,NetBanking,Swiggy,Fuel,Approved,BR139
e102947,2026-06-30,Pune,C30876,Amex,Shopping,Male,4388.34,UPI,Zomato,Travel,Declined,BR142
e102948,2026-03-29,Bengaluru,C28895,Amex,Fuel,Male,21083.26,UPI,Amazon,Food,Declined,BR138
e102949,2026-06-18,Mumbai,C10091,Visa,Shopping,Female,4831.69,UPI,Swiggy,Retail,Declined,BR135
e102950,2026-06-10,Chennai,C21396,RuPay,Groceries,Male,4850.73,UPI,IRCTC,Retail,Declined,BR103
e102951,2026-06-25,Pune,C79243,Amex,Travel,Female,14139.79,NetBanking,Zomato,Fuel,Declined,BR131
e102952,2026-04-24,Delhi,C38864,Amex,Fuel,Male,15745.49,Credit,DMart,Retail,Declined,BR132
e102953,2026-03-18,Vizag,C77288,MasterCard,Dining,Female,6990.71,UPI,IOCL,Travel,Declined,BR133
e102954,2026-03-26,Vizag,C73081,Amex,Travel,Female,3400.1,NetBanking,Swiggy,Utilities,Approved,BR125
e102955,2026-06-09,Pune,C65206,Amex,Shopping,Female,3059.41,Credit,Amazon,Retail,Declined,BR122
e102956,2026-04-30,Bengaluru,C32757,RuPay,Dining,Male,5199.42,NetBanking,IOCL,Food,Approved,BR145
e102957,2026-03-20,Delhi,C75293,MasterCard,Utilities,Male,6720.49,Credit,HPCL,Retail,Declined,BR115
e102958,2026-06-02,Delhi,C90874,RuPay,Groceries,Male,21588.44,NetBanking,Amazon,Fuel,Declined,BR139
e102959,2026-04-24,Chennai,C53050,Amex,Utilities,Female,12592.1,Credit,Reliance,Fuel,Approved,BR150
e102960,2026-01-19,Kolkata,C98637,MasterCard,Groceries,Male,2934.83,Credit,Swiggy,Retail,Approved,BR116
e102961,2026-01-30,Pune,C80994,MasterCard,Shopping,Male,23038.99,Credit,IRCTC,Travel,Declined,BR122
e102962,2026-04-14,Bengaluru,C96840,MasterCard,Fuel,Female,11861.39,UPI,HPCL,Fuel,Declined,BR117
e102963,2026-01-20,Mumbai,C18716,Visa,Groceries,Female,556.49,NetBanking,DMart,E-commerce,Declined,BR141
e102964,2026-06-11,Vizag,C23431,Amex,Shopping,Male,757.82,NetBanking,Swiggy,Retail,Approved,BR109
e102965,2026-02-05,Hyderabad,C20355,MasterCard,Travel,Male,9238.88,Credit,IOCL,E-commerce,Approved,BR114
e102966,2026-06-14,Kolkata,C52194,Amex,Utilities,Male,4268.44,Credit,Zomato,Utilities,Declined,BR119
e102967,2026-01-27,Pune,C54042,RuPay,Utilities,Male,19111.24,NetBanking,IRCTC,Retail,Declined,BR108
e102968,2026-04-01,Kolkata,C87332,RuPay,Fuel,Female,775.25,UPI,Swiggy,Travel,Approved,BR113
e102969,2026-03-23,Vizag,C36929,RuPay,Dining,Female,15731.63,Credit,IOCL,Fuel,Declined,BR132
e102970,2026-04-09,Kolkata,C73797,Visa,Shopping,Male,13349.27,Credit,IRCTC,E-commerce,Declined,BR131
e102971,2026-01-08,Delhi,C67305,MasterCard,Dining,Male,19792.87,NetBanking,IOCL,Travel,Declined,BR114
e102972,2026-02-06,Vizag,C60059,Amex,Utilities,Male,12658.02,UPI,Reliance,Utilities,Approved,BR134
e102973,2026-01-18,Pune,C11753,Amex,Groceries,Male,22599.32,NetBanking,HPCL,Travel,Declined,BR132
e102974,2026-01-14,Delhi,C57173,MasterCard,Utilities,Female,8077.2,Credit,Reliance,Fuel,Approved,BR138
e102975,2026-02-23,Mumbai,C99837,MasterCard,Dining,Female,23941.65,UPI,Zomato,Fuel,Declined,BR123
e102976,2026-06-09,Vizag,C15268,RuPay,Travel,Female,240.67,Credit,Zomato,Retail,Declined,BR111
e102977,2026-05-20,Vizag,C72832,RuPay,Utilities,Female,12273.14,NetBanking,Zomato,Retail,Approved,BR124
e102978,2026-01-10,Bengaluru,C79889,MasterCard,Shopping,Female,16197.14,NetBanking,Zomato,Fuel,Declined,BR150
e102979,2026-05-09,Pune,C86503,RuPay,Dining,Male,23144.37,Credit,Amazon,Fuel,Declined,BR142
e102980,2026-06-28,Vizag,C63971,Amex,Shopping,Male,1580.8,UPI,Swiggy,Travel,Approved,BR128
e102981,2026-04-09,Pune,C14046,MasterCard,Groceries,Male,12175.35,Credit,Swiggy,Travel,Approved,BR123
e102982,2026-06-16,Bengaluru,C42124,Amex,Fuel,Female,7280.14,UPI,Swiggy,E-commerce,Approved,BR126
e102983,2026-04-29,Kolkata,C81881,Visa,Groceries,Female,19382.65,UPI,Amazon,Food,Declined,BR101
e102984,2026-01-05,Mumbai,C18192,Amex,Travel,Male,21673.09,NetBanking,Swiggy,Retail,Declined,BR138
e102985,2026-05-04,Vizag,C41475,MasterCard,Dining,Male,3747.9,Credit,Zomato,E-commerce,Approved,BR108
e102986,2026-05-17,Pune,C43378,RuPay,Shopping,Female,4221.76,NetBanking,Reliance,Utilities,Declined,BR140
e102987,2026-02-15,Bengaluru,C93874,Visa,Dining,Male,5267.85,NetBanking,Zomato,Fuel,Declined,BR122
e102988,2026-05-30,Kolkata,C86159,Visa,Shopping,Male,1515.34,NetBanking,Reliance,Retail,Approved,BR135
e102989,2026-06-10,Vizag,C88050,RuPay,Shopping,Male,1066.1,Credit,HPCL,Travel,Approved,BR114
e102990,2026-01-03,Mumbai,C50473,RuPay,Groceries,Male,10920.36,Credit,IRCTC,Travel,Declined,BR130
e102991,2026-05-12,Bengaluru,C25688,Amex,Fuel,Male,20657.02,NetBanking,Reliance,Fuel,Approved,BR114
e102992,2026-03-27,Vizag,C24426,Amex,Fuel,Male,18504.28,UPI,IRCTC,Travel,Approved,BR105
e102993,2026-06-20,Pune,C22013,Amex,Utilities,Male,4766.8,UPI,HPCL,Retail,Approved,BR119
e102994,2026-04-30,Vizag,C66259,Amex,Utilities,Male,24985.57,UPI,Zomato,Utilities,Approved,BR132
e102995,2026-03-15,Hyderabad,C59859,Amex,Shopping,Male,9652.27,NetBanking,Swiggy,Fuel,Approved,BR145
e102996,2026-05-08,Mumbai,C18412,RuPay,Shopping,Female,24938.95,Credit,Zomato,Retail,Approved,BR146
e102997,2026-05-23,Vizag,C99468,RuPay,Utilities,Male,16774.75,NetBanking,DMart,E-commerce,Approved,BR108
e102998,2026-06-27,Bengaluru,C27814,Visa,Groceries,Female,15635.87,Credit,Swiggy,Food,Declined,BR137
e102999,2026-02-11,Bengaluru,C12235,RuPay,Shopping,Female,8969.22,UPI,HPCL,E-commerce,Approved,BR108
e103000,2026-02-21,Pune,C67648,RuPay,Travel,Female,3476.89,NetBanking,IOCL,Retail,Declined,BR105
e103001,2026-03-10,Mumbai,C52684,Visa,Utilities,Female,17211.46,Credit,Swiggy,Travel,Declined,BR112
e103002,2026-05-18,Hyderabad,C28624,MasterCard,Groceries,Female,15089.02,UPI,DMart,Retail,Approved,BR135
e103003,2026-01-03,Pune,C94598,Amex,Shopping,Female,11774.57,UPI,DMart,Utilities,Declined,BR107
e103004,2026-05-30,Vizag,C18590,Amex,Travel,Male,10432.32,Credit,DMart,Travel,Declined,BR130
e103005,2026-04-02,Mumbai,C16739,RuPay,Dining,Male,24360.02,UPI,Amazon,Utilities,Approved,BR149
e103006,2026-03-10,Chennai,C43154,Visa,Utilities,Male,1459.56,Credit,HPCL,Utilities,Declined,BR128
e103007,2026-04-01,Pune,C14595,MasterCard,Travel,Female,8201.27,UPI,Zomato,Travel,Approved,BR109
e103008,2026-04-16,Kolkata,C51498,RuPay,Dining,Male,8433.59,UPI,Zomato,Utilities,Declined,BR149
e103009,2026-04-25,Vizag,C64561,MasterCard,Dining,Female,17114.5,Credit,Zomato,Fuel,Declined,BR126
e103010,2026-05-22,Bengaluru,C44964,MasterCard,Utilities,Male,22391.69,UPI,Zomato,E-commerce,Approved,BR128
e103011,2026-05-23,Hyderabad,C99152,Amex,Dining,Male,8764.21,NetBanking,Swiggy,Travel,Declined,BR148
e103012,2026-06-13,Mumbai,C56847,Visa,Fuel,Female,16294.62,UPI,Amazon,E-commerce,Approved,BR138
e103013,2026-02-19,Kolkata,C33611,Amex,Fuel,Male,618.96,NetBanking,IRCTC,Utilities,Declined,BR131
e103014,2026-03-13,Bengaluru,C43962,Visa,Utilities,Female,17006.26,Credit,DMart,E-commerce,Approved,BR110
e103015,2026-04-21,Pune,C17286,Visa,Travel,Female,7397.26,UPI,Amazon,Food,Approved,BR142
e103016,2026-06-02,Bengaluru,C74312,MasterCard,Dining,Female,2777.75,UPI,Reliance,Travel,Approved,BR116
e103017,2026-05-22,Bengaluru,C85845,MasterCard,Utilities,Female,11082.87,UPI,Amazon,Food,Approved,BR113
e103018,2026-05-22,Bengaluru,C36749,Visa,Shopping,Male,11699.1,UPI,DMart,Utilities,Approved,BR114
e103019,2026-02-16,Vizag,C78893,RuPay,Groceries,Male,21714.24,NetBanking,HPCL,Utilities,Approved,BR144
e103020,2026-01-16,Kolkata,C92102,MasterCard,Shopping,Female,7880.48,UPI,DMart,Utilities,Approved,BR145
e103021,2026-04-30,Delhi,C70201,RuPay,Groceries,Male,10998.12,UPI,IOCL,Food,Declined,BR128
e103022,2026-04-20,Vizag,C30000,Amex,Groceries,Male,9799.18,Credit,Reliance,E-commerce,Approved,BR115
e103023,2026-04-25,Vizag,C41378,RuPay,Dining,Female,13502.35,Credit,Reliance,Food,Approved,BR140
e103024,2026-02-08,Vizag,C65879,Visa,Dining,Male,1211.58,UPI,IOCL,Food,Declined,BR112
e103025,2026-05-21,Delhi,C56099,Visa,Fuel,Female,1667.7,UPI,HPCL,Food,Approved,BR101
e103026,2026-06-15,Vizag,C43689,Visa,Fuel,Male,3523.88,UPI,Amazon,Utilities,Declined,BR114
e103027,2026-05-23,Kolkata,C27257,Amex,Dining,Male,21654.12,UPI,Swiggy,Utilities,Approved,BR135
e103028,2026-03-24,Kolkata,C27408,RuPay,Fuel,Male,422.16,UPI,Reliance,E-commerce,Approved,BR142
e103029,2026-06-18,Delhi,C54880,Visa,Dining,Female,24925.93,NetBanking,Swiggy,Travel,Approved,BR118
e103030,2026-04-28,Delhi,C32382,RuPay,Travel,Female,4537.9,NetBanking,Reliance,Food,Declined,BR131
e103031,2026-05-14,Chennai,C10492,MasterCard,Travel,Male,614.05,Credit,IOCL,Retail,Declined,BR132
e103032,2026-06-16,Chennai,C48849,RuPay,Shopping,Male,18166.66,NetBanking,HPCL,Retail,Declined,BR114
e103033,2026-02-01,Hyderabad,C57042,MasterCard,Shopping,Male,11693.4,UPI,Zomato,E-commerce,Declined,BR138
e103034,2026-04-19,Delhi,C22647,Amex,Fuel,Male,23519.2,Credit,IOCL,Travel,Declined,BR129
e103035,2026-03-09,Vizag,C36024,RuPay,Travel,Female,17837.56,NetBanking,Zomato,Utilities,Approved,BR101
e103036,2026-02-25,Kolkata,C87407,MasterCard,Utilities,Female,17063.81,NetBanking,Swiggy,Food,Approved,BR125
e103037,2026-04-16,Kolkata,C36742,RuPay,Shopping,Female,13506.13,Credit,IOCL,Retail,Approved,BR144
e103038,2026-03-11,Hyderabad,C68827,Visa,Dining,Male,10458.36,UPI,Reliance,Travel,Approved,BR142
e103039,2026-03-20,Bengaluru,C23526,MasterCard,Fuel,Female,17959.72,Credit,Zomato,Retail,Approved,BR109
e103040,2026-04-10,Chennai,C54735,Visa,Dining,Female,10981.5,UPI,Amazon,Retail,Approved,BR121
e103041,2026-03-14,Kolkata,C98115,RuPay,Shopping,Male,13927.21,NetBanking,Zomato,Retail,Declined,BR117
e103042,2026-06-13,Vizag,C78642,Visa,Utilities,Male,3851.12,UPI,Amazon,Retail,Approved,BR109
e103043,2026-01-24,Pune,C80448,MasterCard,Shopping,Male,5810.68,UPI,Swiggy,Fuel,Declined,BR136
e103044,2026-01-14,Hyderabad,C83079,MasterCard,Fuel,Female,22291.65,Credit,HPCL,Retail,Declined,BR108
e103045,2026-02-06,Pune,C41205,RuPay,Utilities,Female,12376.51,NetBanking,IRCTC,Fuel,Declined,BR148
e103046,2026-03-24,Pune,C86250,Visa,Travel,Male,14423.8,UPI,DMart,Utilities,Declined,BR146
e103047,2026-04-22,Delhi,C45049,MasterCard,Utilities,Female,18939.68,UPI,Zomato,Fuel,Approved,BR123
e103048,2026-01-04,Mumbai,C51344,Amex,Groceries,Male,9435.14,UPI,Reliance,Food,Declined,BR103
e103049,2026-04-08,Mumbai,C78896,MasterCard,Utilities,Female,3094.39,UPI,Reliance,Utilities,Approved,BR137
e103050,2026-01-17,Vizag,C82471,Amex,Utilities,Male,2977.62,Credit,Amazon,E-commerce,Approved,BR132
e103051,2026-02-05,Kolkata,C16501,MasterCard,Groceries,Male,979.96,Credit,HPCL,Utilities,Approved,BR117
e103052,2026-05-05,Chennai,C17002,RuPay,Dining,Female,16931.47,UPI,Reliance,Retail,Approved,BR145
e103053,2026-06-06,Kolkata,C19437,Visa,Utilities,Female,10542.21,NetBanking,Amazon,Utilities,Approved,BR107
e103054,2026-02-05,Mumbai,C54052,RuPay,Shopping,Male,10510.46,UPI,DMart,E-commerce,Approved,BR131
e103055,2026-05-03,Mumbai,C18681,Amex,Dining,Male,1780.19,UPI,HPCL,Retail,Approved,BR132
e103056,2026-05-02,Chennai,C22971,Visa,Utilities,Female,21553.77,NetBanking,Reliance,E-commerce,Declined,BR104
e103057,2026-01-19,Pune,C89596,RuPay,Fuel,Female,2009.95,UPI,HPCL,E-commerce,Approved,BR104
e103058,2026-06-10,Kolkata,C49897,MasterCard,Travel,Male,20691.23,Credit,HPCL,Travel,Approved,BR116
e103059,2026-02-16,Vizag,C50419,RuPay,Dining,Male,1028.82,UPI,Amazon,Food,Approved,BR137
e103060,2026-06-30,Chennai,C92849,RuPay,Groceries,Female,15535.79,UPI,Zomato,E-commerce,Declined,BR123
e103061,2026-05-16,Chennai,C37356,Amex,Groceries,Female,2793.23,Credit,HPCL,E-commerce,Declined,BR115
e103062,2026-04-23,Vizag,C78960,Amex,Dining,Male,1551.24,Credit,HPCL,Travel,Approved,BR111
e103063,2026-06-16,Kolkata,C89239,Amex,Utilities,Male,14274.2,NetBanking,Amazon,Food,Approved,BR123
e103064,2026-04-21,Delhi,C91704,Amex,Utilities,Male,4522.0,Credit,HPCL,Fuel,Declined,BR110
e103065,2026-05-25,Vizag,C56166,RuPay,Utilities,Male,6622.56,NetBanking,Amazon,Fuel,Approved,BR131
e103066,2026-05-29,Bengaluru,C83647,Amex,Travel,Female,10544.48,UPI,Reliance,Travel,Approved,BR119
e103067,2026-06-14,Kolkata,C75640,MasterCard,Fuel,Male,2473.22,UPI,IRCTC,Utilities,Approved,BR150
e103068,2026-05-28,Hyderabad,C62424,RuPay,Utilities,Female,9607.74,Credit,Reliance,Travel,Approved,BR101
e103069,2026-01-17,Delhi,C70576,Amex,Dining,Female,356.96,UPI,Zomato,Utilities,Declined,BR135
e103070,2026-03-31,Mumbai,C55171,Amex,Dining,Female,4262.02,NetBanking,HPCL,Retail,Approved,BR118
e103071,2026-05-31,Kolkata,C47979,RuPay,Shopping,Male,11624.21,Credit,Swiggy,Fuel,Declined,BR145
e103072,2026-01-19,Pune,C46236,Visa,Utilities,Female,21053.1,UPI,DMart,E-commerce,Approved,BR149
e103073,2026-06-23,Chennai,C94927,MasterCard,Utilities,Female,8329.85,UPI,Swiggy,E-commerce,Declined,BR109
e103074,2026-05-14,Kolkata,C52084,RuPay,Utilities,Female,23415.26,UPI,IRCTC,Retail,Declined,BR128
e103075,2026-02-02,Pune,C82579,Amex,Shopping,Female,11962.88,NetBanking,Reliance,E-commerce,Declined,BR106
e103076,2026-04-03,Chennai,C28855,MasterCard,Dining,Female,18833.22,UPI,HPCL,Travel,Declined,BR135
e103077,2026-03-19,Chennai,C97509,Amex,Dining,Female,19463.55,UPI,Reliance,E-commerce,Declined,BR143
e103078,2026-04-02,Delhi,C18463,MasterCard,Shopping,Female,14032.16,UPI,Reliance,Fuel,Declined,BR144
e103079,2026-03-02,Kolkata,C22588,Visa,Dining,Male,11727.74,NetBanking,Zomato,Utilities,Declined,BR126
e103080,2026-02-26,Kolkata,C38769,MasterCard,Travel,Male,9605.84,NetBanking,IOCL,Fuel,Declined,BR115
e103081,2026-06-11,Delhi,C77742,Amex,Travel,Female,21529.03,Credit,DMart,Retail,Approved,BR116
e103082,2026-02-19,Delhi,C99300,MasterCard,Dining,Female,24879.51,NetBanking,Swiggy,Fuel,Approved,BR113
e103083,2026-04-10,Delhi,C88569,MasterCard,Fuel,Male,2211.28,UPI,HPCL,Food,Approved,BR147
e103084,2026-06-09,Mumbai,C37199,Amex,Groceries,Female,5812.28,UPI,IOCL,Fuel,Approved,BR127
e103085,2026-03-25,Pune,C82926,Amex,Shopping,Male,20483.28,UPI,HPCL,Fuel,Approved,BR125
e103086,2026-01-09,Vizag,C62650,Visa,Utilities,Male,14143.28,UPI,Reliance,Utilities,Declined,BR150
e103087,2026-03-29,Hyderabad,C28744,Visa,Utilities,Male,18182.16,UPI,DMart,Utilities,Approved,BR143
e103088,2026-04-10,Hyderabad,C98490,Amex,Fuel,Female,14675.83,UPI,DMart,Retail,Declined,BR150
e103089,2026-04-18,Kolkata,C68841,Amex,Dining,Male,17424.94,NetBanking,Amazon,Retail,Approved,BR127
e103090,2026-04-20,Pune,C90069,Amex,Dining,Male,2922.12,UPI,Reliance,Utilities,Declined,BR134
e103091,2026-02-21,Vizag,C63440,Visa,Travel,Male,3427.45,UPI,Swiggy,Food,Approved,BR124
e103092,2026-03-02,Kolkata,C61752,Amex,Shopping,Female,20548.32,NetBanking,HPCL,Travel,Declined,BR146
e103093,2026-03-03,Kolkata,C15010,RuPay,Fuel,Female,5012.98,UPI,Reliance,Travel,Declined,BR142
e103094,2026-01-25,Bengaluru,C32742,RuPay,Utilities,Female,4882.42,Credit,Reliance,Retail,Approved,BR123
e103095,2026-05-09,Chennai,C60756,MasterCard,Dining,Female,13542.52,UPI,Reliance,Utilities,Approved,BR125
e103096,2026-06-12,Kolkata,C13177,Amex,Shopping,Female,5726.33,Credit,Swiggy,Travel,Approved,BR107
e103097,2026-04-06,Kolkata,C80949,Amex,Utilities,Male,9013.25,UPI,Zomato,Travel,Declined,BR141
e103098,2026-06-24,Bengaluru,C25869,Amex,Utilities,Female,15294.29,Credit,HPCL,E-commerce,Approved,BR108
e103099,2026-01-10,Delhi,C88332,RuPay,Fuel,Male,7356.87,Credit,IOCL,Retail,Approved,BR143
e103100,2026-05-24,Vizag,C93071,Visa,Shopping,Male,17091.4,UPI,IRCTC,Travel,Approved,BR147
e103101,2026-03-03,Vizag,C48552,Visa,Utilities,Female,2620.51,UPI,Reliance,Food,Declined,BR148
e103102,2026-02-02,Mumbai,C77610,MasterCard,Fuel,Male,20032.96,UPI,Swiggy,Food,Approved,BR124
e103103,2026-02-18,Pune,C30126,RuPay,Travel,Female,5183.22,NetBanking,Reliance,Food,Declined,BR129
e103104,2026-05-02,Mumbai,C98078,Visa,Dining,Female,15936.3,NetBanking,IRCTC,Retail,Declined,BR132
e103105,2026-06-04,Vizag,C91091,MasterCard,Groceries,Female,22465.04,Credit,HPCL,E-commerce,Approved,BR135
e103106,2026-02-21,Pune,C59202,RuPay,Shopping,Male,10995.61,UPI,Zomato,Utilities,Approved,BR126
e103107,2026-05-26,Chennai,C42973,RuPay,Travel,Female,10479.91,Credit,IRCTC,Retail,Declined,BR112
e103108,2026-03-17,Bengaluru,C35950,RuPay,Utilities,Male,21320.69,Credit,IOCL,Retail,Approved,BR121
e103109,2026-06-17,Bengaluru,C31129,Amex,Travel,Male,7914.3,UPI,HPCL,Fuel,Approved,BR150
e103110,2026-02-25,Vizag,C50489,MasterCard,Groceries,Female,11445.17,UPI,Amazon,Travel,Declined,BR123
e103111,2026-01-03,Delhi,C63138,Visa,Groceries,Male,14577.9,NetBanking,DMart,Travel,Approved,BR116
e103112,2026-02-17,Pune,C28821,Visa,Shopping,Male,7343.35,UPI,Reliance,Utilities,Approved,BR144
e103113,2026-03-06,Vizag,C38154,Visa,Shopping,Female,15431.66,UPI,HPCL,E-commerce,Declined,BR144
e103114,2026-06-23,Delhi,C96884,Amex,Groceries,Female,18929.65,Credit,Amazon,Travel,Declined,BR150
e103115,2026-06-25,Chennai,C40321,RuPay,Groceries,Female,16428.11,UPI,IOCL,Utilities,Approved,BR145
e103116,2026-05-31,Pune,C26563,Visa,Groceries,Female,16490.57,Credit,Reliance,Travel,Declined,BR116
e103117,2026-04-08,Kolkata,C24039,RuPay,Utilities,Female,14935.27,NetBanking,Swiggy,Travel,Declined,BR150
e103118,2026-02-12,Mumbai,C56189,RuPay,Groceries,Female,22334.89,UPI,IOCL,Travel,Declined,BR127
e103119,2026-01-16,Pune,C21507,RuPay,Travel,Female,10307.61,UPI,Reliance,Utilities,Approved,BR132
e103120,2026-06-20,Hyderabad,C80642,RuPay,Dining,Female,23578.14,Credit,IRCTC,Fuel,Approved,BR101
e103121,2026-05-10,Hyderabad,C78260,MasterCard,Groceries,Male,17949.2,NetBanking,Swiggy,E-commerce,Declined,BR139
e103122,2026-04-12,Bengaluru,C33089,RuPay,Travel,Male,18715.35,Credit,IRCTC,Utilities,Approved,BR111
e103123,2026-06-03,Mumbai,C68939,Amex,Fuel,Female,6609.56,UPI,DMart,Travel,Declined,BR146
e103124,2026-05-08,Delhi,C55219,RuPay,Groceries,Male,14861.67,UPI,Zomato,Utilities,Declined,BR136
e103125,2026-04-12,Bengaluru,C23162,Visa,Travel,Female,15454.98,UPI,Reliance,Retail,Declined,BR141
e103126,2026-01-14,Bengaluru,C41329,Visa,Groceries,Male,17219.11,UPI,IOCL,Retail,Declined,BR107
e103127,2026-06-21,Pune,C86475,MasterCard,Shopping,Female,11157.7,Credit,DMart,Retail,Declined,BR112
e103128,2026-06-28,Delhi,C59795,Visa,Travel,Male,12333.65,UPI,HPCL,Utilities,Approved,BR139
e103129,2026-04-08,Vizag,C13982,Amex,Travel,Female,1490.24,NetBanking,DMart,E-commerce,Declined,BR141
e103130,2026-03-18,Bengaluru,C95674,Visa,Utilities,Male,7281.73,NetBanking,Amazon,Retail,Declined,BR146
e103131,2026-04-10,Hyderabad,C51925,Amex,Groceries,Female,22600.85,Credit,Amazon,E-commerce,Approved,BR128
e103132,2026-03-27,Delhi,C39435,Amex,Travel,Female,225.82,UPI,Zomato,E-commerce,Declined,BR134
e103133,2026-04-26,Delhi,C36384,MasterCard,Dining,Female,16812.27,NetBanking,Swiggy,Retail,Declined,BR122
e103134,2026-03-25,Mumbai,C99636,Visa,Utilities,Male,9360.96,UPI,HPCL,Retail,Declined,BR132
e103135,2026-03-06,Kolkata,C28325,RuPay,Fuel,Male,9320.79,Credit,Swiggy,Fuel,Declined,BR121
e103136,2026-04-22,Hyderabad,C28953,Visa,Groceries,Female,19621.3,NetBanking,Zomato,Food,Declined,BR142
e103137,2026-02-22,Bengaluru,C12167,Visa,Utilities,Male,21167.49,NetBanking,IRCTC,Travel,Declined,BR138
e103138,2026-01-08,Chennai,C85452,Amex,Travel,Male,15743.03,NetBanking,IOCL,E-commerce,Approved,BR135
e103139,2026-02-22,Chennai,C42771,Amex,Dining,Female,24462.83,Credit,HPCL,E-commerce,Approved,BR133
e103140,2026-05-08,Delhi,C96891,Visa,Dining,Female,6685.12,Credit,Swiggy,Food,Approved,BR127
e103141,2026-04-11,Kolkata,C65760,MasterCard,Utilities,Female,464.9,NetBanking,IOCL,Utilities,Approved,BR141
e103142,2026-02-06,Mumbai,C11016,Amex,Dining,Male,22385.41,UPI,DMart,Retail,Approved,BR130
e103143,2026-05-04,Kolkata,C19824,Amex,Travel,Female,6328.9,Credit,DMart,E-commerce,Declined,BR123
e103144,2026-04-15,Hyderabad,C83338,Visa,Travel,Male,14291.89,UPI,HPCL,E-commerce,Approved,BR124
e103145,2026-01-07,Bengaluru,C13707,Visa,Fuel,Female,6546.34,Credit,IRCTC,E-commerce,Approved,BR131
e103146,2026-04-21,Kolkata,C25734,RuPay,Travel,Male,3056.33,Credit,DMart,E-commerce,Declined,BR102
e103147,2026-04-03,Kolkata,C93466,Amex,Groceries,Male,9135.15,Credit,Zomato,Travel,Approved,BR107
e103148,2026-03-22,Pune,C34213,Visa,Dining,Male,10734.61,Credit,IRCTC,Food,Approved,BR130
e103149,2026-03-08,Mumbai,C88684,Visa,Groceries,Female,19911.01,Credit,Zomato,Travel,Approved,BR104
e103150,2026-04-08,Hyderabad,C81691,RuPay,Groceries,Male,22948.3,Credit,Amazon,Utilities,Declined,BR147
e103151,2026-05-26,Delhi,C32459,RuPay,Shopping,Female,8195.56,Credit,HPCL,Fuel,Declined,BR113
e103152,2026-04-12,Bengaluru,C46578,RuPay,Travel,Female,9754.82,Credit,DMart,Retail,Declined,BR126
e103153,2026-06-07,Chennai,C11859,RuPay,Utilities,Male,19635.85,UPI,IRCTC,E-commerce,Declined,BR145
e103154,2026-01-16,Vizag,C35652,MasterCard,Shopping,Female,21045.55,NetBanking,DMart,Food,Declined,BR129
e103155,2026-03-30,Mumbai,C33190,MasterCard,Shopping,Female,6140.43,Credit,Reliance,E-commerce,Approved,BR113
e103156,2026-04-21,Hyderabad,C14789,Visa,Shopping,Male,18144.08,UPI,DMart,Travel,Approved,BR105
e103157,2026-02-20,Pune,C89742,Amex,Dining,Female,13585.07,NetBanking,DMart,E-commerce,Declined,BR104
e103158,2026-01-05,Delhi,C32940,Amex,Dining,Female,10135.33,UPI,DMart,Fuel,Approved,BR134
e103159,2026-03-18,Hyderabad,C12869,MasterCard,Utilities,Male,6234.97,UPI,Reliance,Travel,Approved,BR102
e103160,2026-02-05,Chennai,C43737,RuPay,Shopping,Male,24025.68,NetBanking,HPCL,Food,Approved,BR138
e103161,2026-04-17,Delhi,C57669,Amex,Fuel,Male,7889.02,NetBanking,Reliance,Travel,Approved,BR140
e103162,2026-01-05,Vizag,C26660,Amex,Travel,Female,2925.08,Credit,Reliance,Travel,Declined,BR146
e103163,2026-05-06,Delhi,C66332,Visa,Groceries,Male,955.78,NetBanking,HPCL,Food,Declined,BR120
e103164,2026-04-03,Hyderabad,C69248,Amex,Travel,Female,1603.2,NetBanking,Reliance,E-commerce,Approved,BR145
e103165,2026-01-14,Pune,C23921,MasterCard,Groceries,Female,15037.86,NetBanking,Swiggy,Travel,Approved,BR132
e103166,2026-05-07,Vizag,C28670,RuPay,Fuel,Female,10741.46,NetBanking,HPCL,Food,Declined,BR135
e103167,2026-01-18,Hyderabad,C59059,Amex,Groceries,Female,12209.25,NetBanking,Reliance,E-commerce,Declined,BR132
e103168,2026-02-06,Delhi,C57081,Visa,Utilities,Female,7978.19,Credit,DMart,Travel,Approved,BR144
e103169,2026-04-14,Pune,C26783,Amex,Dining,Female,3811.47,UPI,DMart,Utilities,Approved,BR145
e103170,2026-06-02,Kolkata,C76968,MasterCard,Utilities,Female,21418.97,UPI,DMart,Retail,Declined,BR148
e103171,2026-04-08,Delhi,C94984,RuPay,Groceries,Male,10231.37,Credit,Reliance,Food,Approved,BR113
e103172,2026-02-25,Hyderabad,C97149,RuPay,Utilities,Female,10647.93,UPI,IOCL,E-commerce,Approved,BR111
e103173,2026-05-09,Kolkata,C22640,Visa,Travel,Male,19029.93,NetBanking,Reliance,E-commerce,Approved,BR109
e103174,2026-04-29,Delhi,C40695,Amex,Utilities,Male,24654.23,NetBanking,IRCTC,Food,Approved,BR115
e103175,2026-06-13,Pune,C20356,MasterCard,Travel,Male,17590.3,UPI,Amazon,Fuel,Declined,BR123
e103176,2026-01-22,Vizag,C46145,Visa,Shopping,Female,858.73,UPI,IRCTC,Retail,Approved,BR117
e103177,2026-03-09,Chennai,C32399,MasterCard,Travel,Female,14891.13,UPI,Reliance,Fuel,Declined,BR128
e103178,2026-06-02,Hyderabad,C47329,Visa,Shopping,Male,8621.07,NetBanking,DMart,Food,Approved,BR108
e103179,2026-01-14,Vizag,C75007,Visa,Shopping,Male,19311.39,Credit,HPCL,Travel,Approved,BR114
e103180,2026-03-06,Vizag,C29704,Amex,Dining,Male,6847.96,NetBanking,IOCL,Fuel,Declined,BR120
e103181,2026-01-03,Bengaluru,C66091,Visa,Fuel,Male,5603.27,NetBanking,Zomato,Utilities,Approved,BR141
e103182,2026-05-01,Bengaluru,C60894,Amex,Shopping,Female,13746.59,Credit,Amazon,Utilities,Approved,BR149
e103183,2026-01-21,Hyderabad,C50064,RuPay,Dining,Female,2859.07,UPI,IRCTC,Travel,Declined,BR110
e103184,2026-03-07,Mumbai,C60896,Visa,Utilities,Female,19307.32,UPI,IRCTC,E-commerce,Declined,BR107
e103185,2026-03-28,Chennai,C18793,Amex,Fuel,Female,8628.38,NetBanking,IOCL,Retail,Approved,BR112
e103186,2026-04-15,Delhi,C67044,Amex,Dining,Male,23106.4,NetBanking,Reliance,E-commerce,Declined,BR150
e103187,2026-04-09,Hyderabad,C58199,MasterCard,Shopping,Female,16623.66,NetBanking,Reliance,Fuel,Approved,BR148
e103188,2026-01-17,Chennai,C55259,MasterCard,Groceries,Male,2935.76,NetBanking,HPCL,Fuel,Declined,BR143
e103189,2026-03-22,Delhi,C56680,Amex,Utilities,Male,8078.04,UPI,IOCL,Fuel,Approved,BR133
e103190,2026-02-28,Vizag,C42377,Visa,Travel,Male,974.42,NetBanking,IRCTC,Travel,Declined,BR105
e103191,2026-05-04,Kolkata,C78669,MasterCard,Shopping,Female,20064.12,Credit,Zomato,Food,Declined,BR101
e103192,2026-06-05,Vizag,C36005,Visa,Shopping,Female,18901.62,UPI,IRCTC,Retail,Declined,BR118
e103193,2026-02-04,Chennai,C57021,Visa,Travel,Female,14786.87,NetBanking,IOCL,Fuel,Declined,BR101
e103194,2026-02-16,Vizag,C91102,Amex,Shopping,Male,19770.76,UPI,Swiggy,Food,Declined,BR120
e103195,2026-04-25,Chennai,C89947,MasterCard,Utilities,Male,9872.79,UPI,IOCL,Fuel,Approved,BR111
e103196,2026-01-20,Vizag,C97025,MasterCard,Utilities,Female,9835.96,UPI,Amazon,Retail,Declined,BR143
e103197,2026-02-26,Kolkata,C26744,RuPay,Utilities,Female,408.8,NetBanking,Zomato,Retail,Declined,BR143
e103198,2026-03-01,Mumbai,C79763,Visa,Travel,Male,18135.59,UPI,IOCL,E-commerce,Approved,BR126
e103199,2026-02-18,Hyderabad,C27308,RuPay,Shopping,Male,18810.94,UPI,Zomato,Utilities,Declined,BR150
e103200,2026-02-11,Hyderabad,C21242,MasterCard,Fuel,Female,15173.1,UPI,IOCL,Food,Approved,BR134
e103201,2026-04-02,Hyderabad,C73602,Amex,Groceries,Male,23552.89,UPI,HPCL,Retail,Declined,BR114
e103202,2026-05-09,Chennai,C32311,MasterCard,Utilities,Male,1842.7,UPI,IOCL,Food,Declined,BR145
e103203,2026-02-13,Delhi,C21939,Amex,Travel,Male,4220.03,NetBanking,IRCTC,E-commerce,Approved,BR145
e103204,2026-03-11,Pune,C66962,MasterCard,Groceries,Female,4826.62,Credit,IOCL,Retail,Declined,BR131
e103205,2026-06-02,Bengaluru,C56792,RuPay,Travel,Female,24736.23,NetBanking,HPCL,Food,Declined,BR132
e103206,2026-06-08,Bengaluru,C95299,Visa,Dining,Male,1004.02,NetBanking,IOCL,Utilities,Approved,BR111
e103207,2026-03-21,Vizag,C52972,Visa,Fuel,Female,23923.25,Credit,Reliance,Travel,Declined,BR123
e103208,2026-01-26,Chennai,C17474,RuPay,Shopping,Female,10713.31,NetBanking,Amazon,E-commerce,Declined,BR128
e103209,2026-01-12,Vizag,C97795,Visa,Groceries,Male,4318.61,NetBanking,Zomato,Retail,Declined,BR144
e103210,2026-02-24,Mumbai,C81755,MasterCard,Dining,Male,728.54,Credit,Swiggy,E-commerce,Declined,BR129
e103211,2026-03-05,Mumbai,C89063,Visa,Groceries,Male,13764.53,NetBanking,Swiggy,Fuel,Approved,BR111
e103212,2026-04-06,Hyderabad,C26690,Visa,Shopping,Male,9104.98,NetBanking,Amazon,Travel,Declined,BR149
e103213,2026-01-08,Bengaluru,C95176,RuPay,Shopping,Male,8305.28,UPI,Swiggy,Retail,Declined,BR117
e103214,2026-04-21,Bengaluru,C81163,Visa,Dining,Male,22499.87,NetBanking,HPCL,Retail,Approved,BR145
e103215,2026-01-12,Vizag,C30047,Visa,Dining,Female,402.95,UPI,Zomato,Travel,Approved,BR140
e103216,2026-02-09,Chennai,C35766,Visa,Groceries,Female,23538.79,NetBanking,Amazon,Food,Declined,BR110
e103217,2026-02-20,Delhi,C92348,RuPay,Shopping,Female,22471.79,NetBanking,HPCL,Retail,Approved,BR139
e103218,2026-01-18,Bengaluru,C36089,Visa,Travel,Male,15848.79,UPI,Swiggy,E-commerce,Declined,BR109
e103219,2026-06-25,Kolkata,C47170,Amex,Shopping,Male,19596.61,NetBanking,Reliance,Fuel,Approved,BR133
e103220,2026-06-20,Bengaluru,C92263,RuPay,Travel,Female,6351.73,Credit,Swiggy,Utilities,Declined,BR143
e103221,2026-03-24,Pune,C78045,RuPay,Travel,Male,15779.69,NetBanking,HPCL,Fuel,Approved,BR124
e103222,2026-06-05,Hyderabad,C77854,Amex,Travel,Female,22567.37,Credit,IRCTC,Food,Declined,BR148
e103223,2026-01-31,Mumbai,C17088,Amex,Fuel,Female,16971.06,UPI,Reliance,Retail,Declined,BR142
e103224,2026-04-15,Delhi,C39098,Amex,Groceries,Female,14034.04,UPI,Amazon,Utilities,Approved,BR123
e103225,2026-02-18,Delhi,C11116,MasterCard,Groceries,Male,18640.3,UPI,Reliance,Food,Declined,BR144
e103226,2026-03-13,Kolkata,C21818,MasterCard,Travel,Female,15510.35,UPI,IRCTC,Utilities,Approved,BR106
e103227,2026-03-28,Bengaluru,C75470,Visa,Shopping,Female,19740.12,UPI,Swiggy,Travel,Declined,BR143
e103228,2026-02-20,Hyderabad,C43697,MasterCard,Utilities,Male,1888.32,UPI,IOCL,Food,Declined,BR143
e103229,2026-06-08,Vizag,C57064,Visa,Fuel,Male,2654.31,Credit,DMart,Travel,Declined,BR146
e103230,2026-02-22,Bengaluru,C56464,Visa,Fuel,Male,7743.56,Credit,Zomato,Travel,Declined,BR124
e103231,2026-02-08,Pune,C94169,Visa,Travel,Male,20950.14,Credit,Reliance,Travel,Declined,BR104
e103232,2026-02-05,Kolkata,C78420,Visa,Travel,Male,628.12,Credit,DMart,Food,Declined,BR132
e103233,2026-06-30,Chennai,C24748,Amex,Fuel,Female,23617.38,NetBanking,Zomato,Travel,Approved,BR124
e103234,2026-04-20,Hyderabad,C10993,MasterCard,Travel,Male,15764.82,NetBanking,Reliance,Travel,Declined,BR149
e103235,2026-02-15,Hyderabad,C16195,Amex,Utilities,Female,3267.64,Credit,Zomato,Food,Declined,BR125
e103236,2026-02-16,Vizag,C20465,Amex,Fuel,Male,24399.66,NetBanking,IRCTC,Utilities,Declined,BR106
e103237,2026-05-29,Bengaluru,C36528,RuPay,Travel,Female,11932.77,Credit,Zomato,Food,Declined,BR145
e103238,2026-03-11,Vizag,C32271,MasterCard,Shopping,Male,16781.6,UPI,IOCL,E-commerce,Approved,BR109
e103239,2026-04-21,Vizag,C87019,Visa,Fuel,Male,16866.89,NetBanking,Reliance,Food,Declined,BR101
e103240,2026-04-29,Mumbai,C87055,MasterCard,Shopping,Male,10173.93,UPI,Zomato,Fuel,Approved,BR119
e103241,2026-02-16,Mumbai,C61565,Amex,Utilities,Female,23308.63,NetBanking,Zomato,E-commerce,Declined,BR147
e103242,2026-02-22,Mumbai,C58537,RuPay,Groceries,Male,24694.66,Credit,Amazon,E-commerce,Approved,BR147
e103243,2026-06-27,Kolkata,C25927,Visa,Dining,Female,12177.48,Credit,IRCTC,Food,Approved,BR130
e103244,2026-03-03,Vizag,C54583,RuPay,Fuel,Male,19514.85,Credit,IRCTC,Food,Approved,BR125
e103245,2026-03-23,Bengaluru,C79363,RuPay,Utilities,Male,21467.66,Credit,IOCL,Travel,Approved,BR135
e103246,2026-05-17,Chennai,C92418,Amex,Shopping,Male,10990.38,NetBanking,IOCL,Food,Declined,BR125
e103247,2026-02-13,Pune,C90450,MasterCard,Shopping,Male,8148.68,Credit,Swiggy,Utilities,Approved,BR125
e103248,2026-03-07,Mumbai,C18781,Visa,Groceries,Male,4313.46,NetBanking,Zomato,Retail,Approved,BR150
e103249,2026-03-06,Kolkata,C46586,RuPay,Travel,Male,14710.57,Credit,Swiggy,Food,Approved,BR120
e103250,2026-04-04,Vizag,C18710,Amex,Dining,Female,5658.08,NetBanking,Swiggy,Utilities,Declined,BR137
e103251,2026-03-17,Vizag,C88690,RuPay,Travel,Male,7779.43,Credit,IRCTC,Travel,Declined,BR121
e103252,2026-05-28,Mumbai,C23593,RuPay,Fuel,Male,16104.21,NetBanking,IOCL,Retail,Approved,BR149
e103253,2026-06-26,Kolkata,C64967,Visa,Shopping,Male,5353.43,NetBanking,HPCL,Retail,Approved,BR147
e103254,2026-02-01,Kolkata,C12028,Visa,Shopping,Male,15428.43,NetBanking,IRCTC,Fuel,Declined,BR133
e103255,2026-03-21,Hyderabad,C25796,Visa,Travel,Male,15598.78,Credit,Amazon,Retail,Approved,BR138
e103256,2026-04-09,Hyderabad,C62701,Amex,Utilities,Male,22722.08,Credit,Reliance,Utilities,Declined,BR103
e103257,2026-05-05,Hyderabad,C50898,RuPay,Fuel,Male,22093.76,Credit,HPCL,Food,Declined,BR145
e103258,2026-05-03,Vizag,C91156,MasterCard,Fuel,Male,11093.65,Credit,IRCTC,Fuel,Declined,BR108
e103259,2026-02-16,Mumbai,C22690,Amex,Travel,Male,10917.11,Credit,HPCL,Travel,Declined,BR114
e103260,2026-01-09,Delhi,C51509,Visa,Shopping,Female,2326.59,Credit,IRCTC,Food,Approved,BR132
e103261,2026-03-30,Hyderabad,C32574,Amex,Travel,Male,8766.06,NetBanking,DMart,Utilities,Declined,BR130
e103262,2026-06-14,Kolkata,C20336,Visa,Dining,Female,19585.47,Credit,Zomato,Travel,Declined,BR126
e103263,2026-05-09,Chennai,C89994,RuPay,Dining,Male,11445.15,UPI,Swiggy,Utilities,Declined,BR138
e103264,2026-04-04,Vizag,C52540,Visa,Utilities,Female,8418.78,UPI,Swiggy,Utilities,Approved,BR125
e103265,2026-03-30,Hyderabad,C89263,Visa,Fuel,Male,21614.05,UPI,Reliance,Fuel,Approved,BR117
e103266,2026-04-18,Bengaluru,C46586,Visa,Utilities,Male,4686.31,NetBanking,Zomato,Retail,Approved,BR103
e103267,2026-02-22,Delhi,C93940,Visa,Dining,Male,11486.53,Credit,DMart,Retail,Approved,BR146
e103268,2026-04-11,Mumbai,C57468,MasterCard,Dining,Male,7791.92,NetBanking,Zomato,Utilities,Declined,BR119
e103269,2026-04-10,Delhi,C61103,Amex,Utilities,Female,16355.34,NetBanking,Swiggy,Fuel,Approved,BR138
e103270,2026-02-15,Mumbai,C23441,MasterCard,Shopping,Male,17994.36,Credit,Amazon,Retail,Declined,BR138
e103271,2026-06-16,Mumbai,C79851,RuPay,Shopping,Male,23032.33,Credit,HPCL,Retail,Approved,BR114
e103272,2026-02-10,Mumbai,C20299,Amex,Shopping,Female,20039.09,NetBanking,Reliance,Utilities,Declined,BR111
e103273,2026-05-17,Vizag,C17614,Visa,Travel,Female,9336.82,NetBanking,Swiggy,E-commerce,Approved,BR136
e103274,2026-04-29,Mumbai,C67263,RuPay,Travel,Female,7123.75,NetBanking,IOCL,Travel,Declined,BR140
e103275,2026-05-22,Bengaluru,C60963,MasterCard,Fuel,Female,19034.21,Credit,IOCL,Retail,Approved,BR148
e103276,2026-04-04,Hyderabad,C23691,Visa,Utilities,Male,16345.06,NetBanking,IOCL,Retail,Approved,BR112
e103277,2026-01-04,Kolkata,C51011,Visa,Utilities,Male,7273.82,UPI,Zomato,Retail,Declined,BR128
e103278,2026-02-12,Delhi,C86090,MasterCard,Shopping,Female,1690.61,Credit,HPCL,Utilities,Approved,BR111
e103279,2026-01-09,Bengaluru,C33671,MasterCard,Dining,Male,10318.73,UPI,Amazon,Food,Declined,BR119
e103280,2026-01-26,Vizag,C65383,Visa,Utilities,Male,21258.11,UPI,Zomato,Utilities,Approved,BR128
e103281,2026-03-10,Mumbai,C91031,RuPay,Travel,Female,7124.56,Credit,IOCL,Retail,Approved,BR101
e103282,2026-02-25,Chennai,C44007,Amex,Dining,Female,13599.13,NetBanking,Swiggy,Travel,Declined,BR105
e103283,2026-05-12,Bengaluru,C69667,Amex,Groceries,Female,9725.04,Credit,HPCL,Travel,Approved,BR142
e103284,2026-02-25,Hyderabad,C20210,Amex,Travel,Female,17699.49,Credit,Zomato,Travel,Declined,BR141
e103285,2026-01-06,Chennai,C18796,RuPay,Fuel,Female,17712.57,Credit,Zomato,Utilities,Declined,BR109
e103286,2026-02-24,Vizag,C90531,RuPay,Travel,Female,13235.92,NetBanking,Amazon,Utilities,Declined,BR114
e103287,2026-04-29,Pune,C40287,MasterCard,Groceries,Male,2585.26,UPI,DMart,Travel,Declined,BR120
e103288,2026-01-14,Mumbai,C37420,Visa,Shopping,Male,15311.2,Credit,IRCTC,Travel,Approved,BR104
e103289,2026-05-09,Vizag,C21601,RuPay,Dining,Female,6115.12,Credit,DMart,Food,Approved,BR102
e103290,2026-05-22,Vizag,C92510,Visa,Shopping,Female,11467.85,NetBanking,Reliance,Fuel,Declined,BR139
e103291,2026-05-02,Delhi,C72031,Visa,Shopping,Male,445.34,UPI,DMart,Travel,Declined,BR139
e103292,2026-03-08,Chennai,C43017,Visa,Dining,Male,1440.26,UPI,Amazon,E-commerce,Approved,BR106
e103293,2026-01-14,Hyderabad,C18224,RuPay,Groceries,Male,20021.87,UPI,IRCTC,Travel,Approved,BR121
e103294,2026-01-11,Mumbai,C84103,MasterCard,Shopping,Male,23862.07,NetBanking,Reliance,Fuel,Approved,BR104
e103295,2026-04-22,Mumbai,C95406,RuPay,Utilities,Female,18274.29,NetBanking,HPCL,Food,Approved,BR112
e103296,2026-02-16,Delhi,C34163,MasterCard,Groceries,Male,5446.39,UPI,HPCL,Food,Declined,BR136
e103297,2026-02-03,Chennai,C59492,MasterCard,Groceries,Male,2673.02,Credit,HPCL,Retail,Approved,BR109
e103298,2026-04-25,Vizag,C81258,Visa,Utilities,Female,2221.96,UPI,Reliance,Travel,Declined,BR126
e103299,2026-01-02,Pune,C22648,RuPay,Dining,Female,16284.04,NetBanking,DMart,Retail,Approved,BR150
e103300,2026-02-07,Pune,C54188,Amex,Groceries,Male,12014.64,Credit,Zomato,Retail,Approved,BR148
e103301,2026-03-23,Bengaluru,C61148,Amex,Dining,Female,24701.42,NetBanking,Reliance,Travel,Declined,BR127
e103302,2026-01-01,Mumbai,C36650,Amex,Fuel,Female,24670.77,UPI,HPCL,Utilities,Approved,BR111
e103303,2026-02-24,Bengaluru,C62795,Amex,Travel,Male,21988.67,UPI,IOCL,Travel,Approved,BR108
e103304,2026-03-13,Mumbai,C45821,MasterCard,Groceries,Male,12895.41,NetBanking,DMart,Travel,Declined,BR133
e103305,2026-06-23,Chennai,C27725,MasterCard,Dining,Male,19063.38,UPI,DMart,Utilities,Declined,BR106
e103306,2026-05-10,Vizag,C82081,RuPay,Utilities,Female,19904.21,Credit,Zomato,Travel,Declined,BR118
e103307,2026-03-21,Vizag,C58285,RuPay,Travel,Male,23539.32,UPI,Zomato,Fuel,Approved,BR144
e103308,2026-04-30,Vizag,C96877,RuPay,Shopping,Male,15370.68,NetBanking,DMart,Fuel,Approved,BR118
e103309,2026-04-06,Chennai,C92297,Visa,Travel,Female,17482.62,NetBanking,Zomato,E-commerce,Approved,BR115
e103310,2026-03-08,Hyderabad,C49187,MasterCard,Travel,Female,5723.31,NetBanking,Reliance,Food,Declined,BR144
e103311,2026-04-24,Bengaluru,C60851,MasterCard,Shopping,Female,20543.18,NetBanking,DMart,Travel,Declined,BR120
e103312,2026-04-06,Chennai,C34245,MasterCard,Travel,Male,23767.84,UPI,Zomato,Retail,Declined,BR144
e103313,2026-04-20,Vizag,C17754,Visa,Dining,Female,14183.86,NetBanking,DMart,Travel,Approved,BR133
e103314,2026-03-19,Pune,C89010,MasterCard,Groceries,Female,14267.91,UPI,Zomato,Food,Declined,BR110
e103315,2026-04-20,Pune,C70820,Visa,Dining,Female,21618.67,NetBanking,Reliance,Utilities,Approved,BR124
e103316,2026-02-16,Hyderabad,C18515,MasterCard,Groceries,Male,6210.53,UPI,IRCTC,Food,Declined,BR125
e103317,2026-04-07,Hyderabad,C49619,RuPay,Utilities,Male,19738.76,NetBanking,Amazon,Travel,Approved,BR117
e103318,2026-04-01,Bengaluru,C11712,Amex,Dining,Male,6191.06,NetBanking,Amazon,E-commerce,Approved,BR137
e103319,2026-02-18,Mumbai,C81514,Visa,Utilities,Male,8235.82,NetBanking,Reliance,Travel,Declined,BR137
e103320,2026-06-16,Bengaluru,C41203,Visa,Travel,Male,13020.87,Credit,IOCL,Utilities,Approved,BR132
e103321,2026-02-21,Delhi,C73105,RuPay,Shopping,Female,11626.62,Credit,Swiggy,E-commerce,Approved,BR108
e103322,2026-06-21,Kolkata,C60852,RuPay,Dining,Female,5003.57,UPI,IOCL,E-commerce,Declined,BR102
e103323,2026-03-11,Vizag,C40345,RuPay,Travel,Male,7274.75,NetBanking,HPCL,Food,Approved,BR113
e103324,2026-06-17,Pune,C95745,RuPay,Groceries,Female,7141.56,UPI,Amazon,Retail,Approved,BR141
e103325,2026-06-18,Kolkata,C47745,RuPay,Fuel,Male,21251.99,NetBanking,Amazon,Fuel,Declined,BR118
e103326,2026-03-16,Vizag,C58208,Visa,Groceries,Male,24172.49,Credit,Amazon,Fuel,Declined,BR116
e103327,2026-05-03,Kolkata,C16462,MasterCard,Shopping,Female,23621.57,NetBanking,Swiggy,E-commerce,Declined,BR102
e103328,2026-03-04,Kolkata,C44780,Amex,Dining,Female,24518.2,Credit,HPCL,Food,Approved,BR126
e103329,2026-02-14,Hyderabad,C56849,Visa,Travel,Female,24093.79,NetBanking,Zomato,E-commerce,Approved,BR101
e103330,2026-05-05,Bengaluru,C66923,MasterCard,Groceries,Female,6416.14,NetBanking,Reliance,Utilities,Declined,BR144
e103331,2026-03-21,Mumbai,C80931,MasterCard,Travel,Male,12231.34,UPI,Reliance,Food,Approved,BR135
e103332,2026-02-27,Vizag,C79656,Visa,Utilities,Male,22492.74,UPI,Amazon,E-commerce,Approved,BR121
e103333,2026-05-08,Chennai,C10412,MasterCard,Utilities,Female,1139.02,UPI,Swiggy,Fuel,Approved,BR111
e103334,2026-06-11,Hyderabad,C20446,Visa,Shopping,Male,11779.17,UPI,DMart,Food,Approved,BR147
e103335,2026-04-04,Bengaluru,C39108,Visa,Dining,Female,11298.2,NetBanking,Amazon,Fuel,Declined,BR138
e103336,2026-05-20,Kolkata,C61557,Visa,Fuel,Male,2713.39,NetBanking,DMart,Retail,Declined,BR145
e103337,2026-01-17,Bengaluru,C78218,MasterCard,Shopping,Female,22228.19,Credit,Zomato,Fuel,Declined,BR110
e103338,2026-02-14,Delhi,C58596,Amex,Groceries,Male,4950.28,Credit,HPCL,Travel,Declined,BR114
e103339,2026-03-07,Hyderabad,C93352,Visa,Dining,Female,17432.97,NetBanking,Amazon,Utilities,Approved,BR139
e103340,2026-03-02,Bengaluru,C27534,Visa,Fuel,Male,15930.43,Credit,IOCL,Food,Declined,BR138
e103341,2026-06-20,Vizag,C63767,MasterCard,Shopping,Female,22478.36,Credit,Zomato,E-commerce,Declined,BR136
e103342,2026-03-30,Pune,C64909,MasterCard,Utilities,Male,18744.05,Credit,Reliance,Travel,Approved,BR124
e103343,2026-03-13,Vizag,C28612,RuPay,Shopping,Female,12691.21,UPI,IOCL,Food,Declined,BR109
e103344,2026-02-14,Mumbai,C26871,RuPay,Utilities,Female,6652.67,UPI,Swiggy,Food,Declined,BR147
e103345,2026-05-30,Hyderabad,C90290,Amex,Shopping,Female,893.76,NetBanking,DMart,Travel,Declined,BR139
e103346,2026-05-17,Chennai,C54959,Visa,Shopping,Male,18196.57,NetBanking,IOCL,Food,Declined,BR107
e103347,2026-04-27,Bengaluru,C65387,RuPay,Groceries,Male,12713.16,NetBanking,Amazon,Utilities,Declined,BR105
e103348,2026-01-17,Pune,C57541,Amex,Groceries,Female,14421.06,UPI,DMart,Fuel,Approved,BR125
e103349,2026-01-23,Kolkata,C10221,Amex,Fuel,Male,16723.36,UPI,Reliance,E-commerce,Declined,BR126
e103350,2026-04-26,Vizag,C32160,MasterCard,Shopping,Female,8725.62,NetBanking,HPCL,Fuel,Declined,BR132
e103351,2026-02-10,Chennai,C49165,RuPay,Utilities,Female,17605.21,Credit,Zomato,Food,Declined,BR138
e103352,2026-01-24,Bengaluru,C37112,MasterCard,Shopping,Male,9568.98,Credit,IOCL,Fuel,Declined,BR109
e103353,2026-01-04,Delhi,C27571,MasterCard,Utilities,Male,7004.38,UPI,Amazon,Fuel,Declined,BR130
e103354,2026-03-08,Pune,C25865,RuPay,Dining,Female,17377.67,UPI,IRCTC,Fuel,Declined,BR108
e103355,2026-01-19,Hyderabad,C57193,RuPay,Travel,Male,13790.35,UPI,IOCL,Food,Declined,BR137
e103356,2026-04-02,Hyderabad,C31101,Amex,Fuel,Male,7224.61,UPI,IOCL,Retail,Approved,BR123
e103357,2026-06-28,Pune,C86943,MasterCard,Dining,Male,23164.15,NetBanking,HPCL,E-commerce,Declined,BR145
e103358,2026-03-26,Bengaluru,C36079,RuPay,Travel,Male,12792.31,Credit,HPCL,Food,Approved,BR138
e103359,2026-05-07,Vizag,C88236,Amex,Shopping,Male,1584.84,Credit,Zomato,Retail,Approved,BR107
e103360,2026-02-07,Kolkata,C63530,RuPay,Shopping,Female,15657.41,UPI,Swiggy,Fuel,Approved,BR119
e103361,2026-03-19,Kolkata,C52043,Amex,Travel,Female,10448.26,Credit,Amazon,E-commerce,Declined,BR108
e103362,2026-04-02,Bengaluru,C58291,RuPay,Dining,Male,1107.23,NetBanking,Amazon,Food,Declined,BR112
e103363,2026-06-09,Kolkata,C88401,RuPay,Dining,Male,20726.42,UPI,DMart,Retail,Approved,BR140
e103364,2026-03-08,Bengaluru,C64248,RuPay,Groceries,Male,12575.16,Credit,Reliance,E-commerce,Declined,BR126
e103365,2026-01-31,Kolkata,C77765,RuPay,Shopping,Male,23740.44,UPI,IOCL,Retail,Declined,BR135
e103366,2026-04-27,Chennai,C41450,RuPay,Groceries,Male,12189.63,Credit,IRCTC,E-commerce,Approved,BR101
e103367,2026-01-03,Vizag,C68451,Visa,Fuel,Male,15228.87,Credit,DMart,Retail,Declined,BR141
e103368,2026-06-24,Chennai,C42834,RuPay,Dining,Male,4708.3,NetBanking,IRCTC,Fuel,Approved,BR134
e103369,2026-03-07,Pune,C31407,MasterCard,Groceries,Female,23616.6,UPI,Amazon,Utilities,Approved,BR113
e103370,2026-03-27,Pune,C53495,RuPay,Utilities,Male,15886.51,NetBanking,Swiggy,Fuel,Declined,BR117
e103371,2026-06-03,Mumbai,C10575,RuPay,Dining,Male,20635.79,UPI,Amazon,Fuel,Approved,BR110
e103372,2026-06-20,Delhi,C59193,RuPay,Shopping,Male,199.02,UPI,HPCL,Fuel,Approved,BR118
e103373,2026-02-10,Chennai,C86122,Amex,Groceries,Female,5341.15,UPI,Swiggy,Retail,Declined,BR150
e103374,2026-04-09,Pune,C24324,MasterCard,Groceries,Female,1069.78,UPI,Swiggy,Travel,Declined,BR120
e103375,2026-04-26,Mumbai,C97000,RuPay,Travel,Female,24997.43,Credit,DMart,Retail,Declined,BR105
e103376,2026-05-04,Bengaluru,C72842,Visa,Fuel,Male,21386.6,UPI,IOCL,Food,Approved,BR102
e103377,2026-06-25,Kolkata,C75792,MasterCard,Utilities,Male,19564.61,UPI,HPCL,E-commerce,Declined,BR105
e103378,2026-05-17,Mumbai,C89407,Visa,Groceries,Male,1125.8,NetBanking,IRCTC,Food,Declined,BR141
e103379,2026-06-24,Mumbai,C54190,MasterCard,Shopping,Female,12890.95,NetBanking,Swiggy,Food,Declined,BR107
e103380,2026-04-26,Vizag,C27004,MasterCard,Shopping,Female,12477.69,UPI,DMart,Fuel,Approved,BR122
e103381,2026-03-30,Chennai,C57285,RuPay,Groceries,Female,12923.21,Credit,DMart,E-commerce,Approved,BR117
e103382,2026-06-06,Vizag,C24682,MasterCard,Shopping,Male,15434.0,UPI,Zomato,Travel,Approved,BR120
e103383,2026-05-08,Chennai,C42396,RuPay,Groceries,Female,17255.79,Credit,Swiggy,Travel,Declined,BR136
e103384,2026-02-11,Pune,C36026,MasterCard,Shopping,Female,17074.43,NetBanking,HPCL,Utilities,Approved,BR116
e103385,2026-05-31,Delhi,C74976,RuPay,Groceries,Male,19090.29,UPI,Reliance,Travel,Approved,BR116
e103386,2026-05-05,Hyderabad,C52368,Amex,Shopping,Male,23249.21,NetBanking,DMart,Utilities,Approved,BR112
e103387,2026-02-17,Bengaluru,C58412,RuPay,Groceries,Female,22822.01,UPI,DMart,E-commerce,Declined,BR102
e103388,2026-04-17,Bengaluru,C54403,RuPay,Shopping,Male,24886.71,NetBanking,Swiggy,Utilities,Approved,BR111
e103389,2026-05-10,Pune,C31213,Amex,Fuel,Female,8798.24,NetBanking,Swiggy,Fuel,Approved,BR144
e103390,2026-05-19,Kolkata,C39862,Amex,Fuel,Female,5430.52,UPI,HPCL,Travel,Approved,BR101
e103391,2026-05-10,Hyderabad,C49129,Amex,Dining,Male,12161.05,UPI,HPCL,Utilities,Declined,BR120
e103392,2026-01-13,Mumbai,C79941,Visa,Dining,Female,8783.26,NetBanking,Swiggy,Retail,Approved,BR131
e103393,2026-06-16,Vizag,C69437,Amex,Shopping,Male,11253.25,Credit,Swiggy,Utilities,Declined,BR132
e103394,2026-05-11,Chennai,C38539,MasterCard,Travel,Male,7073.36,Credit,Swiggy,Utilities,Approved,BR146
e103395,2026-06-12,Delhi,C96370,MasterCard,Utilities,Female,1835.85,Credit,Zomato,Fuel,Declined,BR103
e103396,2026-03-08,Delhi,C85914,RuPay,Groceries,Male,7698.42,UPI,IOCL,Travel,Declined,BR131
e103397,2026-01-11,Bengaluru,C46175,Visa,Groceries,Female,485.32,NetBanking,IOCL,E-commerce,Approved,BR150
e103398,2026-04-16,Kolkata,C56874,Amex,Shopping,Male,20913.43,UPI,DMart,E-commerce,Declined,BR106
e103399,2026-02-13,Pune,C70370,RuPay,Dining,Female,15416.37,NetBanking,Amazon,Travel,Approved,BR101
e103400,2026-02-09,Pune,C26854,Amex,Fuel,Male,4938.14,Credit,Zomato,Retail,Approved,BR126
e103401,2026-04-18,Chennai,C35878,Visa,Dining,Female,9349.81,Credit,Zomato,Utilities,Declined,BR132
e103402,2026-04-07,Chennai,C11595,MasterCard,Groceries,Male,17055.32,NetBanking,Amazon,E-commerce,Declined,BR145
e103403,2026-04-13,Kolkata,C87577,Amex,Shopping,Female,11142.62,UPI,Swiggy,Fuel,Declined,BR140
e103404,2026-05-29,Bengaluru,C94999,Visa,Utilities,Male,8878.81,NetBanking,Amazon,Travel,Declined,BR104
e103405,2026-03-01,Chennai,C56417,RuPay,Utilities,Male,23635.43,Credit,Reliance,Travel,Declined,BR116
e103406,2026-04-04,Pune,C20006,MasterCard,Fuel,Male,18087.28,NetBanking,Swiggy,Travel,Declined,BR140
e103407,2026-02-23,Chennai,C85652,Amex,Groceries,Female,2016.27,Credit,IOCL,Food,Approved,BR136
e103408,2026-02-02,Bengaluru,C27162,Visa,Shopping,Female,11667.19,Credit,Reliance,Retail,Approved,BR122
e103409,2026-03-11,Delhi,C15938,Amex,Shopping,Female,11321.82,UPI,HPCL,Utilities,Approved,BR147
e103410,2026-06-08,Kolkata,C24954,MasterCard,Utilities,Male,10236.57,Credit,IRCTC,Retail,Declined,BR116
e103411,2026-04-10,Pune,C94647,RuPay,Dining,Female,14960.09,NetBanking,HPCL,E-commerce,Approved,BR148
e103412,2026-02-18,Kolkata,C55776,MasterCard,Dining,Male,16706.45,Credit,Swiggy,Travel,Declined,BR129
e103413,2026-02-20,Delhi,C51109,RuPay,Groceries,Female,8828.19,UPI,IOCL,Food,Declined,BR146
e103414,2026-05-10,Vizag,C91808,Amex,Travel,Female,19342.37,UPI,HPCL,Food,Declined,BR129
e103415,2026-03-27,Bengaluru,C53086,Visa,Shopping,Female,3180.91,Credit,Swiggy,Utilities,Approved,BR137
e103416,2026-05-22,Pune,C41948,RuPay,Fuel,Male,16924.83,UPI,Swiggy,Fuel,Declined,BR142
e103417,2026-06-12,Mumbai,C47984,Visa,Dining,Female,22904.05,UPI,Amazon,Fuel,Declined,BR133
e103418,2026-04-12,Kolkata,C35269,Visa,Groceries,Female,1055.88,UPI,IOCL,Utilities,Declined,BR142
e103419,2026-02-01,Delhi,C20290,Visa,Utilities,Male,7555.38,UPI,IRCTC,Retail,Approved,BR116
e103420,2026-05-18,Bengaluru,C22497,MasterCard,Dining,Male,6901.12,UPI,IRCTC,Fuel,Approved,BR110
e103421,2026-04-16,Pune,C80218,Visa,Travel,Male,11051.51,UPI,HPCL,Fuel,Approved,BR105
e103422,2026-05-13,Bengaluru,C23244,Visa,Fuel,Male,23494.68,NetBanking,Zomato,Utilities,Declined,BR113
e103423,2026-06-29,Delhi,C73946,Amex,Shopping,Female,4734.59,NetBanking,IOCL,Fuel,Approved,BR130
e103424,2026-04-09,Pune,C79097,Amex,Utilities,Female,20029.77,NetBanking,DMart,Travel,Declined,BR102
e103425,2026-04-08,Mumbai,C28672,MasterCard,Groceries,Female,13015.41,NetBanking,Swiggy,Food,Declined,BR128
e103426,2026-01-09,Vizag,C84683,MasterCard,Dining,Female,19215.23,UPI,HPCL,Utilities,Declined,BR101
e103427,2026-04-09,Mumbai,C42224,MasterCard,Dining,Male,12639.37,Credit,DMart,E-commerce,Approved,BR116
e103428,2026-03-25,Chennai,C46322,Amex,Travel,Male,6701.22,NetBanking,DMart,E-commerce,Declined,BR128
e103429,2026-05-20,Chennai,C37322,RuPay,Fuel,Female,4071.06,NetBanking,IRCTC,Retail,Declined,BR112
e103430,2026-05-27,Kolkata,C25993,Amex,Fuel,Female,4840.12,UPI,IRCTC,Utilities,Declined,BR143
e103431,2026-05-25,Chennai,C57229,MasterCard,Groceries,Male,314.3,UPI,Amazon,Food,Declined,BR106
e103432,2026-02-22,Chennai,C12451,Amex,Dining,Male,21775.17,NetBanking,Amazon,Travel,Approved,BR136
e103433,2026-01-05,Pune,C26889,Amex,Fuel,Female,11089.01,UPI,HPCL,Travel,Approved,BR134
e103434,2026-02-28,Delhi,C60828,Amex,Utilities,Female,17298.48,UPI,HPCL,Fuel,Approved,BR120
e103435,2026-06-07,Mumbai,C96915,Amex,Utilities,Male,378.66,NetBanking,HPCL,Retail,Approved,BR131
e103436,2026-03-18,Vizag,C60495,RuPay,Dining,Female,9381.2,NetBanking,Amazon,Utilities,Approved,BR140
e103437,2026-03-04,Pune,C56728,Amex,Groceries,Female,5471.96,UPI,Swiggy,Food,Declined,BR144
e103438,2026-04-22,Bengaluru,C33587,Visa,Fuel,Male,4095.9,NetBanking,Swiggy,Travel,Declined,BR134
e103439,2026-04-29,Pune,C17381,Visa,Groceries,Male,5435.04,UPI,Zomato,Travel,Approved,BR148
e103440,2026-04-22,Delhi,C30667,RuPay,Dining,Female,20645.11,UPI,Amazon,E-commerce,Approved,BR102
e103441,2026-04-06,Mumbai,C60830,MasterCard,Fuel,Female,24799.0,NetBanking,Amazon,Travel,Approved,BR121
e103442,2026-04-03,Hyderabad,C16407,MasterCard,Travel,Male,6003.34,Credit,Zomato,Food,Approved,BR112
e103443,2026-01-20,Bengaluru,C41570,Amex,Fuel,Male,21688.42,NetBanking,Reliance,Food,Approved,BR140
e103444,2026-05-02,Mumbai,C92713,Visa,Fuel,Female,10377.4,UPI,IRCTC,Fuel,Approved,BR109
e103445,2026-02-02,Pune,C91932,MasterCard,Fuel,Female,9049.88,Credit,Swiggy,E-commerce,Declined,BR110
e103446,2026-06-11,Delhi,C16891,RuPay,Dining,Male,11924.54,Credit,DMart,Food,Declined,BR140
e103447,2026-01-06,Mumbai,C93092,Amex,Travel,Male,3104.73,NetBanking,Amazon,Retail,Approved,BR123
e103448,2026-03-29,Hyderabad,C30019,MasterCard,Shopping,Male,5304.08,NetBanking,IOCL,E-commerce,Approved,BR119
e103449,2026-03-23,Kolkata,C75803,MasterCard,Travel,Female,14350.04,NetBanking,Zomato,Retail,Approved,BR137
e103450,2026-02-28,Mumbai,C70800,Amex,Fuel,Female,6538.5,NetBanking,HPCL,Travel,Approved,BR124
e103451,2026-02-27,Vizag,C26523,Visa,Fuel,Male,6193.67,UPI,IRCTC,Utilities,Declined,BR132
e103452,2026-05-10,Kolkata,C49196,MasterCard,Fuel,Male,17229.49,Credit,Swiggy,Retail,Approved,BR114
e103453,2026-02-23,Delhi,C99442,MasterCard,Utilities,Female,588.35,Credit,IOCL,Utilities,Declined,BR141
e103454,2026-05-12,Delhi,C50109,MasterCard,Dining,Male,1146.18,NetBanking,Reliance,Retail,Declined,BR141
e103455,2026-03-05,Mumbai,C38982,Visa,Fuel,Male,24500.8,Credit,Zomato,Food,Approved,BR113
e103456,2026-05-05,Delhi,C29111,RuPay,Shopping,Female,5368.91,Credit,IRCTC,Food,Approved,BR145
e103457,2026-03-18,Pune,C28196,MasterCard,Groceries,Female,15446.07,Credit,IOCL,Food,Approved,BR122
e103458,2026-05-21,Pune,C79295,Amex,Shopping,Female,11776.18,Credit,Zomato,Retail,Declined,BR127
e103459,2026-02-14,Kolkata,C60887,MasterCard,Travel,Male,13127.72,Credit,DMart,E-commerce,Approved,BR148
e103460,2026-06-17,Mumbai,C23330,RuPay,Shopping,Female,115.65,NetBanking,Reliance,E-commerce,Approved,BR111
e103461,2026-05-01,Chennai,C13439,Visa,Utilities,Female,6172.09,Credit,Zomato,Fuel,Approved,BR142
e103462,2026-05-14,Chennai,C79327,Visa,Fuel,Female,20570.28,Credit,IOCL,Food,Approved,BR114
e103463,2026-01-02,Hyderabad,C71347,MasterCard,Dining,Male,7326.63,Credit,DMart,E-commerce,Approved,BR140
e103464,2026-02-11,Hyderabad,C29480,Amex,Fuel,Female,1430.29,UPI,Swiggy,Retail,Approved,BR114
e103465,2026-05-14,Bengaluru,C35744,Visa,Shopping,Male,17837.78,Credit,HPCL,Retail,Declined,BR144
e103466,2026-04-27,Mumbai,C85261,RuPay,Groceries,Male,2742.54,NetBanking,HPCL,Food,Approved,BR111
e103467,2026-02-13,Kolkata,C87020,Visa,Dining,Female,16770.45,NetBanking,IOCL,Retail,Approved,BR147
e103468,2026-04-30,Pune,C94065,MasterCard,Fuel,Male,6716.89,Credit,Swiggy,Fuel,Approved,BR118
e103469,2026-06-08,Mumbai,C46577,Amex,Shopping,Female,21271.56,UPI,Amazon,Fuel,Declined,BR121
e103470,2026-02-13,Mumbai,C82721,Amex,Shopping,Female,1586.7,UPI,HPCL,Fuel,Approved,BR113
e103471,2026-05-07,Mumbai,C15446,Amex,Groceries,Female,6095.7,UPI,Swiggy,E-commerce,Declined,BR145
e103472,2026-06-12,Kolkata,C10462,Visa,Shopping,Male,15249.63,UPI,DMart,E-commerce,Approved,BR125
e103473,2026-04-11,Chennai,C52757,Visa,Groceries,Female,12624.65,NetBanking,DMart,Travel,Approved,BR125
e103474,2026-03-19,Mumbai,C67883,Visa,Travel,Male,16758.51,NetBanking,Swiggy,Retail,Declined,BR114
e103475,2026-05-06,Hyderabad,C47799,Visa,Travel,Male,1203.12,NetBanking,Reliance,Fuel,Declined,BR135
e103476,2026-01-19,Mumbai,C85783,Amex,Groceries,Male,17583.99,UPI,Swiggy,Food,Approved,BR131
e103477,2026-04-20,Hyderabad,C87052,Amex,Travel,Male,11847.03,Credit,Zomato,E-commerce,Approved,BR112
e103478,2026-05-23,Hyderabad,C74965,Amex,Utilities,Female,5947.74,UPI,Swiggy,Travel,Approved,BR112
e103479,2026-04-13,Mumbai,C87748,MasterCard,Travel,Male,2372.74,NetBanking,Zomato,Travel,Approved,BR108
e103480,2026-02-10,Bengaluru,C21852,RuPay,Dining,Female,4730.39,NetBanking,IRCTC,Retail,Declined,BR108
e103481,2026-04-01,Vizag,C52474,RuPay,Groceries,Male,13564.95,Credit,Zomato,Retail,Declined,BR132
e103482,2026-05-14,Mumbai,C23754,MasterCard,Groceries,Male,8381.97,Credit,HPCL,Fuel,Approved,BR118
e103483,2026-02-26,Vizag,C47853,MasterCard,Utilities,Male,16403.15,UPI,Amazon,Retail,Declined,BR104
e103484,2026-04-08,Hyderabad,C47727,RuPay,Travel,Male,12872.54,UPI,Swiggy,E-commerce,Declined,BR138
e103485,2026-02-25,Bengaluru,C71250,Visa,Utilities,Male,927.85,Credit,Swiggy,Fuel,Declined,BR133
e103486,2026-05-26,Delhi,C60572,Visa,Shopping,Female,10188.37,UPI,IRCTC,Food,Approved,BR114
e103487,2026-06-28,Vizag,C92629,RuPay,Groceries,Female,18699.55,NetBanking,Reliance,Travel,Declined,BR103
e103488,2026-06-23,Mumbai,C10601,MasterCard,Fuel,Female,6930.41,NetBanking,Swiggy,E-commerce,Declined,BR150
e103489,2026-06-24,Delhi,C77137,Visa,Travel,Male,19652.61,Credit,Zomato,Fuel,Approved,BR144
e103490,2026-06-11,Delhi,C55345,Amex,Travel,Male,15973.05,Credit,DMart,Travel,Approved,BR132
e103491,2026-05-03,Delhi,C56740,Amex,Groceries,Male,4424.97,Credit,DMart,E-commerce,Approved,BR122
e103492,2026-03-13,Mumbai,C71118,Amex,Travel,Female,22295.02,UPI,Zomato,Food,Declined,BR135
e103493,2026-02-04,Mumbai,C38682,RuPay,Utilities,Female,10668.6,Credit,Amazon,Food,Approved,BR116
e103494,2026-04-17,Bengaluru,C19403,Amex,Fuel,Male,11614.69,Credit,Swiggy,Food,Declined,BR115
e103495,2026-04-23,Pune,C50673,MasterCard,Fuel,Male,10976.57,UPI,IRCTC,Fuel,Declined,BR146
e103496,2026-05-27,Delhi,C61790,Visa,Shopping,Male,2245.66,Credit,DMart,Food,Declined,BR108
e103497,2026-02-21,Hyderabad,C24841,Amex,Fuel,Male,5562.66,UPI,DMart,E-commerce,Declined,BR133
e103498,2026-03-23,Hyderabad,C82408,Amex,Fuel,Female,8886.31,NetBanking,IOCL,Utilities,Approved,BR117
e103499,2026-02-13,Mumbai,C86586,Visa,Shopping,Female,13763.12,Credit,Reliance,Travel,Approved,BR119
e103500,2026-03-09,Delhi,C84480,Visa,Groceries,Male,9354.52,NetBanking,Amazon,Retail,Declined,BR124
e103501,2026-06-05,Kolkata,C56564,Visa,Utilities,Female,1652.84,NetBanking,Swiggy,Travel,Declined,BR128
e103502,2026-05-24,Pune,C50769,Amex,Shopping,Male,1902.86,NetBanking,Amazon,Food,Declined,BR119
e103503,2026-05-03,Bengaluru,C62878,RuPay,Utilities,Female,16183.0,UPI,IOCL,Utilities,Approved,BR150
e103504,2026-06-12,Hyderabad,C97455,Visa,Fuel,Female,13048.17,NetBanking,Reliance,E-commerce,Approved,BR128
e103505,2026-04-01,Delhi,C55699,Amex,Shopping,Male,13829.5,NetBanking,Zomato,Travel,Declined,BR103
e103506,2026-04-23,Hyderabad,C92138,Visa,Travel,Male,17003.3,NetBanking,Zomato,Travel,Approved,BR121
e103507,2026-06-20,Mumbai,C94745,Visa,Fuel,Male,8409.98,UPI,Zomato,Utilities,Declined,BR138
e103508,2026-06-15,Pune,C74201,Amex,Shopping,Female,6482.73,Credit,Amazon,Food,Declined,BR102
e103509,2026-05-25,Vizag,C12078,Amex,Dining,Male,17212.44,UPI,IOCL,Fuel,Approved,BR137
e103510,2026-02-15,Bengaluru,C56856,RuPay,Utilities,Female,11135.98,NetBanking,Swiggy,Fuel,Declined,BR121
e103511,2026-01-09,Chennai,C56042,RuPay,Fuel,Male,14384.18,Credit,DMart,Food,Declined,BR109
e103512,2026-06-23,Chennai,C86922,Visa,Shopping,Female,4731.45,UPI,HPCL,Utilities,Approved,BR148
e103513,2026-02-24,Hyderabad,C22933,Amex,Groceries,Female,8507.67,Credit,Swiggy,Utilities,Declined,BR146
e103514,2026-06-28,Bengaluru,C79397,Visa,Fuel,Female,11398.06,UPI,IRCTC,Utilities,Declined,BR110
e103515,2026-02-11,Kolkata,C11759,MasterCard,Dining,Female,7529.76,Credit,IRCTC,Utilities,Declined,BR123
e103516,2026-03-05,Vizag,C65360,Amex,Dining,Male,9238.86,Credit,Zomato,E-commerce,Declined,BR114
e103517,2026-04-21,Chennai,C65713,Amex,Groceries,Male,17257.34,UPI,DMart,Travel,Approved,BR133
e103518,2026-06-29,Kolkata,C48437,Amex,Utilities,Male,4897.08,NetBanking,IRCTC,Retail,Declined,BR142
e103519,2026-01-19,Pune,C45296,RuPay,Utilities,Male,23202.06,NetBanking,IOCL,Travel,Approved,BR132
e103520,2026-04-26,Vizag,C71921,Visa,Dining,Male,6040.31,Credit,HPCL,Travel,Declined,BR142
e103521,2026-03-25,Chennai,C55574,Amex,Groceries,Female,14292.27,UPI,IRCTC,Travel,Approved,BR103
e103522,2026-05-21,Chennai,C16954,Amex,Groceries,Female,8331.0,UPI,Reliance,Utilities,Approved,BR126
e103523,2026-04-26,Chennai,C26938,RuPay,Dining,Male,4789.14,NetBanking,Swiggy,Retail,Declined,BR116
e103524,2026-05-05,Pune,C84949,Visa,Fuel,Male,3730.34,Credit,IOCL,E-commerce,Declined,BR141
e103525,2026-06-03,Chennai,C59327,MasterCard,Fuel,Female,23256.37,NetBanking,HPCL,Food,Approved,BR103
e103526,2026-01-10,Chennai,C17275,Visa,Fuel,Male,7728.54,NetBanking,DMart,Food,Approved,BR139
e103527,2026-06-11,Kolkata,C86778,MasterCard,Shopping,Female,2046.21,UPI,Reliance,Food,Approved,BR114
e103528,2026-05-23,Vizag,C61017,Visa,Utilities,Female,5219.79,UPI,Amazon,Utilities,Declined,BR149
e103529,2026-05-16,Pune,C27365,Amex,Travel,Female,11189.04,Credit,IRCTC,Fuel,Declined,BR136
e103530,2026-01-17,Chennai,C89042,Visa,Utilities,Male,13951.81,NetBanking,Amazon,Utilities,Declined,BR102
e103531,2026-06-01,Kolkata,C44884,Visa,Groceries,Male,17172.01,UPI,DMart,Retail,Declined,BR133
e103532,2026-01-10,Bengaluru,C14401,Amex,Groceries,Male,2233.08,NetBanking,IOCL,E-commerce,Approved,BR140
e103533,2026-02-09,Pune,C61837,RuPay,Shopping,Female,23462.85,UPI,HPCL,E-commerce,Approved,BR121
e103534,2026-05-04,Mumbai,C90715,RuPay,Groceries,Female,9994.35,Credit,Zomato,E-commerce,Declined,BR132
e103535,2026-03-29,Vizag,C17102,Amex,Fuel,Male,10804.0,Credit,Reliance,Retail,Approved,BR121
e103536,2026-04-03,Hyderabad,C51456,RuPay,Dining,Female,15451.64,Credit,DMart,Utilities,Declined,BR145
e103537,2026-02-17,Mumbai,C87262,Visa,Dining,Male,3327.84,NetBanking,Swiggy,Food,Declined,BR125
e103538,2026-03-12,Bengaluru,C95858,Visa,Dining,Female,3672.52,UPI,DMart,Food,Approved,BR131
e103539,2026-01-30,Chennai,C77882,RuPay,Shopping,Female,17116.29,Credit,Swiggy,Food,Approved,BR103
e103540,2026-03-03,Hyderabad,C34882,MasterCard,Fuel,Male,4892.1,NetBanking,IRCTC,E-commerce,Approved,BR111
e103541,2026-02-13,Chennai,C46978,Amex,Utilities,Female,17186.62,NetBanking,DMart,Travel,Approved,BR112
e103542,2026-06-01,Bengaluru,C23034,Amex,Shopping,Male,10231.6,NetBanking,Swiggy,Travel,Declined,BR143
e103543,2026-06-04,Kolkata,C76462,Visa,Groceries,Female,22421.17,Credit,Swiggy,Food,Approved,BR131
e103544,2026-01-08,Delhi,C39858,RuPay,Travel,Male,17428.63,NetBanking,IOCL,Food,Approved,BR104
e103545,2026-02-28,Chennai,C67218,Visa,Shopping,Female,24049.71,NetBanking,IOCL,Travel,Approved,BR113
e103546,2026-04-02,Bengaluru,C12432,RuPay,Fuel,Male,21432.7,Credit,IOCL,Fuel,Approved,BR139
e103547,2026-05-10,Bengaluru,C30889,Amex,Shopping,Male,13679.4,UPI,Swiggy,Utilities,Approved,BR147
e103548,2026-04-29,Bengaluru,C82935,RuPay,Travel,Female,7057.03,Credit,Swiggy,Retail,Declined,BR120
e103549,2026-06-30,Chennai,C30351,Visa,Dining,Male,21902.7,Credit,IOCL,Travel,Approved,BR123
e103550,2026-01-26,Kolkata,C55433,RuPay,Groceries,Female,21194.14,Credit,IOCL,Retail,Approved,BR138
e103551,2026-03-01,Hyderabad,C97393,MasterCard,Fuel,Male,17701.82,Credit,Amazon,Fuel,Approved,BR127
e103552,2026-06-17,Bengaluru,C19423,MasterCard,Shopping,Female,6260.5,NetBanking,HPCL,E-commerce,Approved,BR117
e103553,2026-06-26,Kolkata,C48789,RuPay,Shopping,Male,6601.38,NetBanking,Amazon,E-commerce,Approved,BR113
e103554,2026-05-26,Mumbai,C65953,Visa,Shopping,Female,8505.22,Credit,IOCL,Retail,Approved,BR126
e103555,2026-03-17,Chennai,C28618,MasterCard,Fuel,Male,22729.03,NetBanking,Swiggy,Fuel,Declined,BR142
e103556,2026-01-07,Vizag,C73802,Amex,Fuel,Male,17935.6,UPI,IOCL,Fuel,Approved,BR118
e103557,2026-03-14,Delhi,C44502,RuPay,Travel,Male,4525.66,UPI,Amazon,Food,Approved,BR125
e103558,2026-01-06,Bengaluru,C91238,MasterCard,Utilities,Female,15580.08,Credit,Amazon,Retail,Declined,BR102
e103559,2026-01-17,Hyderabad,C96182,Amex,Travel,Female,15903.91,Credit,IRCTC,Retail,Declined,BR130
e103560,2026-01-24,Hyderabad,C23261,RuPay,Shopping,Male,1694.42,NetBanking,HPCL,Utilities,Declined,BR144
e103561,2026-05-14,Chennai,C13413,MasterCard,Utilities,Male,23285.95,Credit,Amazon,Food,Declined,BR149
e103562,2026-03-14,Mumbai,C21494,Visa,Dining,Female,11458.97,UPI,IRCTC,E-commerce,Approved,BR136
e103563,2026-06-06,Bengaluru,C71203,RuPay,Groceries,Female,12537.42,Credit,DMart,Utilities,Declined,BR138
e103564,2026-02-11,Vizag,C55938,Amex,Travel,Male,532.69,Credit,Reliance,Food,Approved,BR145
e103565,2026-06-21,Chennai,C25076,MasterCard,Groceries,Female,2430.52,Credit,Reliance,Travel,Declined,BR116
e103566,2026-04-06,Kolkata,C54152,Visa,Dining,Male,12368.36,NetBanking,IRCTC,Retail,Declined,BR124
e103567,2026-01-24,Chennai,C22713,MasterCard,Utilities,Female,9938.68,UPI,HPCL,Travel,Approved,BR117
e103568,2026-02-19,Hyderabad,C48340,RuPay,Fuel,Male,22926.99,NetBanking,IRCTC,Utilities,Approved,BR150
e103569,2026-06-21,Vizag,C80325,RuPay,Groceries,Male,18381.28,UPI,IRCTC,Fuel,Declined,BR112
e103570,2026-03-28,Kolkata,C99680,Visa,Shopping,Female,17615.54,UPI,IOCL,Utilities,Declined,BR121
e103571,2026-03-18,Kolkata,C32701,Amex,Groceries,Male,12761.35,Credit,DMart,Retail,Approved,BR136
e103572,2026-02-19,Vizag,C13166,Amex,Travel,Female,20485.05,UPI,Reliance,Food,Declined,BR107
e103573,2026-01-31,Pune,C45967,RuPay,Shopping,Male,6088.64,UPI,IRCTC,Travel,Declined,BR145
e103574,2026-05-24,Pune,C65356,MasterCard,Shopping,Female,9985.17,Credit,Zomato,E-commerce,Declined,BR109
e103575,2026-05-02,Mumbai,C37415,Visa,Dining,Male,9339.19,UPI,IRCTC,Food,Declined,BR103
e103576,2026-05-05,Delhi,C43047,MasterCard,Utilities,Male,23971.58,UPI,Zomato,Utilities,Declined,BR134
e103577,2026-06-18,Vizag,C45424,Visa,Utilities,Male,501.5,UPI,Reliance,E-commerce,Approved,BR109
e103578,2026-02-18,Kolkata,C53351,Visa,Dining,Male,8996.01,NetBanking,IRCTC,Travel,Declined,BR142
e103579,2026-04-16,Delhi,C85421,MasterCard,Fuel,Male,24810.44,Credit,Swiggy,Retail,Approved,BR107
e103580,2026-03-20,Pune,C99610,Amex,Shopping,Male,13050.12,NetBanking,Swiggy,Fuel,Approved,BR114
e103581,2026-06-28,Vizag,C24683,MasterCard,Utilities,Female,20651.08,UPI,DMart,Food,Declined,BR110
e103582,2026-02-14,Delhi,C68166,MasterCard,Travel,Male,16998.58,Credit,HPCL,Utilities,Declined,BR139
e103583,2026-03-18,Vizag,C72322,Visa,Fuel,Male,3957.43,Credit,IRCTC,Travel,Approved,BR108
e103584,2026-06-23,Bengaluru,C40697,MasterCard,Utilities,Male,12338.63,Credit,HPCL,Utilities,Approved,BR113
e103585,2026-02-12,Mumbai,C11814,Amex,Groceries,Male,4085.69,NetBanking,DMart,Utilities,Approved,BR129
e103586,2026-04-24,Bengaluru,C77251,RuPay,Groceries,Female,23514.44,NetBanking,HPCL,Retail,Approved,BR126
e103587,2026-05-22,Chennai,C92803,Visa,Utilities,Male,2978.29,UPI,Reliance,Utilities,Declined,BR101
e103588,2026-05-12,Bengaluru,C73097,MasterCard,Groceries,Female,6208.21,NetBanking,IOCL,E-commerce,Approved,BR133
e103589,2026-06-04,Kolkata,C97778,Amex,Utilities,Female,15212.0,NetBanking,Amazon,Utilities,Approved,BR132
e103590,2026-06-04,Delhi,C40129,MasterCard,Shopping,Male,15494.23,NetBanking,Zomato,E-commerce,Declined,BR104
e103591,2026-03-01,Pune,C17191,MasterCard,Dining,Female,8505.89,NetBanking,Swiggy,Fuel,Approved,BR149
e103592,2026-02-14,Pune,C15355,RuPay,Groceries,Male,13035.8,NetBanking,Zomato,Retail,Declined,BR137
e103593,2026-04-04,Pune,C42493,RuPay,Utilities,Female,14779.01,Credit,Swiggy,E-commerce,Declined,BR133
e103594,2026-03-09,Chennai,C42323,MasterCard,Utilities,Female,11124.36,Credit,Reliance,Utilities,Approved,BR150
e103595,2026-02-25,Delhi,C31939,Amex,Fuel,Female,10605.64,UPI,Reliance,Retail,Approved,BR121
e103596,2026-01-25,Kolkata,C59471,Visa,Fuel,Male,9637.1,UPI,DMart,Food,Approved,BR103
e103597,2026-04-05,Kolkata,C94974,MasterCard,Fuel,Female,7274.19,NetBanking,HPCL,Retail,Declined,BR108
e103598,2026-01-19,Kolkata,C19742,MasterCard,Shopping,Male,17747.36,NetBanking,HPCL,E-commerce,Declined,BR140
e103599,2026-03-05,Bengaluru,C92454,Visa,Shopping,Male,21463.81,UPI,Reliance,Fuel,Declined,BR128
e103600,2026-06-06,Kolkata,C71922,MasterCard,Utilities,Male,17336.37,UPI,HPCL,Utilities,Approved,BR134
e103601,2026-05-30,Vizag,C46725,RuPay,Groceries,Male,17213.97,Credit,Amazon,Fuel,Declined,BR127
e103602,2026-04-30,Chennai,C86568,Visa,Travel,Male,13448.9,Credit,IOCL,Travel,Approved,BR119
e103603,2026-06-14,Mumbai,C78833,Amex,Fuel,Female,23436.03,UPI,Swiggy,Food,Approved,BR116
e103604,2026-03-29,Hyderabad,C33063,MasterCard,Dining,Male,5295.89,NetBanking,Swiggy,E-commerce,Declined,BR119
e103605,2026-02-01,Hyderabad,C81035,Visa,Shopping,Female,4060.05,Credit,Zomato,Utilities,Approved,BR146
e103606,2026-03-23,Pune,C57676,RuPay,Travel,Female,7642.56,UPI,Swiggy,Travel,Declined,BR135
e103607,2026-01-13,Hyderabad,C97092,Visa,Travel,Male,1066.85,UPI,HPCL,Retail,Declined,BR104
e103608,2026-05-01,Vizag,C73326,MasterCard,Utilities,Female,17234.47,UPI,Reliance,Fuel,Declined,BR135
e103609,2026-01-10,Kolkata,C13041,RuPay,Fuel,Female,7770.74,Credit,Amazon,Retail,Declined,BR146
e103610,2026-06-06,Kolkata,C32483,Visa,Utilities,Female,9022.0,Credit,Zomato,Retail,Declined,BR140
e103611,2026-01-25,Mumbai,C86290,RuPay,Travel,Male,12183.66,NetBanking,Amazon,Retail,Approved,BR144
e103612,2026-03-12,Vizag,C18626,RuPay,Utilities,Male,23392.78,NetBanking,Zomato,Retail,Declined,BR144
e103613,2026-01-23,Kolkata,C68010,Visa,Dining,Female,3119.28,NetBanking,Amazon,Retail,Declined,BR102
e103614,2026-06-12,Chennai,C21256,RuPay,Travel,Male,5145.1,UPI,HPCL,Utilities,Approved,BR135
e103615,2026-04-24,Bengaluru,C59371,RuPay,Fuel,Male,230.03,NetBanking,IRCTC,E-commerce,Approved,BR116
e103616,2026-02-09,Mumbai,C28033,RuPay,Groceries,Female,14606.86,Credit,Zomato,Food,Approved,BR149
e103617,2026-02-12,Delhi,C16689,RuPay,Dining,Female,12611.71,NetBanking,IOCL,Food,Approved,BR143
e103618,2026-02-23,Mumbai,C37438,Amex,Travel,Female,13187.59,Credit,Swiggy,E-commerce,Declined,BR150
e103619,2026-05-27,Mumbai,C11955,MasterCard,Dining,Female,17363.53,UPI,IOCL,E-commerce,Approved,BR106
e103620,2026-03-18,Pune,C82815,Amex,Groceries,Female,15169.21,UPI,DMart,Travel,Declined,BR102
e103621,2026-04-12,Bengaluru,C80079,Visa,Travel,Male,12926.49,NetBanking,Swiggy,Utilities,Approved,BR124
e103622,2026-06-16,Hyderabad,C32578,MasterCard,Shopping,Female,20369.9,UPI,DMart,E-commerce,Declined,BR108
e103623,2026-01-02,Delhi,C79172,Amex,Groceries,Male,3607.59,Credit,IOCL,Retail,Declined,BR103
e103624,2026-06-18,Bengaluru,C74191,Amex,Shopping,Male,17279.71,UPI,HPCL,Utilities,Approved,BR106
e103625,2026-01-19,Mumbai,C59336,MasterCard,Shopping,Female,3576.07,UPI,DMart,Utilities,Declined,BR121
e103626,2026-05-04,Hyderabad,C25660,MasterCard,Travel,Female,10211.84,UPI,Swiggy,E-commerce,Declined,BR106
e103627,2026-04-26,Bengaluru,C21968,Visa,Fuel,Female,24963.92,UPI,IRCTC,Retail,Approved,BR142
e103628,2026-03-30,Delhi,C88872,RuPay,Utilities,Female,1134.98,Credit,Zomato,Retail,Approved,BR107
e103629,2026-02-16,Pune,C76846,Amex,Groceries,Female,22350.84,Credit,Amazon,Retail,Declined,BR104
e103630,2026-06-18,Delhi,C78842,Visa,Dining,Female,6403.94,Credit,Zomato,Food,Declined,BR126
e103631,2026-04-09,Delhi,C94280,MasterCard,Shopping,Male,17908.84,NetBanking,Reliance,Fuel,Declined,BR106
e103632,2026-06-13,Kolkata,C35934,Amex,Travel,Female,5561.55,UPI,IRCTC,Retail,Declined,BR149
e103633,2026-06-10,Bengaluru,C85842,Amex,Dining,Male,10667.49,Credit,HPCL,Food,Declined,BR101
e103634,2026-04-02,Hyderabad,C46088,Amex,Dining,Female,15528.22,NetBanking,Swiggy,Travel,Approved,BR101
e103635,2026-05-01,Pune,C58538,Visa,Shopping,Male,16292.75,UPI,IOCL,E-commerce,Approved,BR134
e103636,2026-02-19,Mumbai,C17529,Amex,Groceries,Male,16132.97,Credit,HPCL,Retail,Declined,BR108
e103637,2026-04-16,Pune,C16515,MasterCard,Utilities,Male,1897.21,UPI,Reliance,Utilities,Approved,BR138
e103638,2026-02-11,Mumbai,C79302,RuPay,Utilities,Male,16640.02,UPI,Reliance,Travel,Declined,BR132
e103639,2026-01-06,Delhi,C12488,MasterCard,Groceries,Female,12390.53,Credit,IOCL,Food,Declined,BR127
e103640,2026-03-04,Pune,C25974,Visa,Travel,Male,3532.97,UPI,Amazon,Travel,Declined,BR127
e103641,2026-06-18,Mumbai,C56060,Amex,Dining,Female,16200.15,NetBanking,Zomato,Travel,Declined,BR104
e103642,2026-02-16,Mumbai,C43287,MasterCard,Fuel,Male,22123.99,NetBanking,DMart,Utilities,Declined,BR119
e103643,2026-01-15,Mumbai,C28008,Visa,Shopping,Female,11341.2,NetBanking,IOCL,E-commerce,Approved,BR138
e103644,2026-06-03,Hyderabad,C61337,Amex,Dining,Male,1741.99,Credit,IOCL,Travel,Approved,BR108
e103645,2026-06-15,Pune,C52512,Amex,Groceries,Female,2153.15,UPI,HPCL,Retail,Approved,BR150
e103646,2026-06-10,Vizag,C65219,MasterCard,Dining,Female,21826.69,NetBanking,Reliance,Utilities,Approved,BR148
e103647,2026-06-02,Delhi,C71905,RuPay,Groceries,Male,23516.34,Credit,DMart,E-commerce,Approved,BR138
e103648,2026-01-31,Bengaluru,C23413,Amex,Dining,Male,11375.54,Credit,Reliance,Fuel,Approved,BR108
e103649,2026-01-30,Mumbai,C44547,Amex,Shopping,Male,9416.05,NetBanking,IOCL,Fuel,Declined,BR114
e103650,2026-02-12,Hyderabad,C11811,RuPay,Dining,Female,9397.43,UPI,Reliance,Fuel,Approved,BR109
e103651,2026-02-15,Chennai,C64886,MasterCard,Fuel,Male,9168.38,NetBanking,HPCL,Retail,Approved,BR143
e103652,2026-02-27,Pune,C56117,MasterCard,Shopping,Female,6744.83,NetBanking,HPCL,E-commerce,Approved,BR105
e103653,2026-03-21,Bengaluru,C74758,Amex,Utilities,Male,12959.36,Credit,Zomato,Utilities,Approved,BR121
e103654,2026-01-22,Mumbai,C39767,Visa,Groceries,Male,23173.28,Credit,DMart,Utilities,Declined,BR148
e103655,2026-02-02,Bengaluru,C40591,RuPay,Utilities,Male,13584.58,Credit,Reliance,Utilities,Declined,BR142
e103656,2026-02-04,Pune,C18752,RuPay,Utilities,Male,5403.71,Credit,DMart,E-commerce,Approved,BR146
e103657,2026-05-03,Bengaluru,C81548,MasterCard,Dining,Male,24936.99,Credit,Reliance,Travel,Declined,BR147
e103658,2026-01-14,Hyderabad,C20135,Visa,Shopping,Male,8300.21,NetBanking,IRCTC,Fuel,Declined,BR119
e103659,2026-01-13,Pune,C17813,Visa,Groceries,Male,11591.43,NetBanking,HPCL,Travel,Approved,BR142
e103660,2026-04-20,Hyderabad,C75132,Amex,Travel,Female,13347.23,NetBanking,HPCL,Retail,Approved,BR146
e103661,2026-03-07,Pune,C36158,RuPay,Shopping,Male,1434.58,Credit,Reliance,E-commerce,Declined,BR124
e103662,2026-02-10,Chennai,C82403,Amex,Groceries,Female,21964.76,Credit,DMart,Retail,Approved,BR120
e103663,2026-05-28,Chennai,C83337,MasterCard,Utilities,Female,19338.25,UPI,DMart,E-commerce,Approved,BR116
e103664,2026-04-10,Kolkata,C42155,MasterCard,Shopping,Female,7108.31,Credit,IRCTC,Retail,Approved,BR116
e103665,2026-02-25,Chennai,C46903,MasterCard,Dining,Male,13289.75,UPI,Zomato,Utilities,Approved,BR121
e103666,2026-05-11,Bengaluru,C87739,Visa,Fuel,Female,10273.66,UPI,Reliance,Travel,Declined,BR123
e103667,2026-04-08,Vizag,C54931,RuPay,Utilities,Female,23367.31,UPI,Reliance,Travel,Declined,BR130
e103668,2026-05-16,Kolkata,C50100,Amex,Dining,Female,15086.43,NetBanking,Zomato,E-commerce,Approved,BR113
e103669,2026-02-06,Vizag,C67518,Amex,Shopping,Male,13694.62,UPI,Amazon,Food,Approved,BR106
e103670,2026-02-16,Hyderabad,C29255,Visa,Travel,Male,14984.06,Credit,Swiggy,Fuel,Approved,BR111
e103671,2026-01-04,Bengaluru,C33393,Amex,Dining,Female,1713.14,NetBanking,Reliance,Food,Declined,BR146
e103672,2026-04-22,Hyderabad,C75797,Visa,Dining,Male,4552.97,Credit,DMart,Travel,Approved,BR109
e103673,2026-05-01,Kolkata,C66587,RuPay,Shopping,Female,13035.47,UPI,Swiggy,Food,Declined,BR147
e103674,2026-02-18,Chennai,C61743,Visa,Shopping,Male,1387.86,NetBanking,Reliance,Fuel,Approved,BR105
e103675,2026-06-17,Delhi,C71378,MasterCard,Groceries,Female,2668.36,NetBanking,IOCL,Fuel,Approved,BR118
e103676,2026-05-19,Bengaluru,C14131,Amex,Dining,Female,21101.85,UPI,Swiggy,Utilities,Declined,BR143
e103677,2026-04-22,Bengaluru,C51225,RuPay,Utilities,Female,3149.14,NetBanking,Swiggy,Fuel,Approved,BR111
e103678,2026-02-24,Delhi,C87042,Amex,Dining,Female,15257.61,UPI,Zomato,Travel,Declined,BR112
e103679,2026-03-14,Pune,C62771,MasterCard,Shopping,Male,12693.01,UPI,Swiggy,Retail,Approved,BR109
e103680,2026-02-03,Vizag,C10584,Amex,Shopping,Female,16666.38,NetBanking,Swiggy,Utilities,Declined,BR123
e103681,2026-03-28,Kolkata,C29947,MasterCard,Travel,Male,13764.46,NetBanking,Amazon,Fuel,Declined,BR144
e103682,2026-03-25,Kolkata,C71664,RuPay,Dining,Male,14720.75,Credit,Zomato,Utilities,Approved,BR106
e103683,2026-01-30,Kolkata,C60472,RuPay,Groceries,Male,6356.25,NetBanking,Reliance,E-commerce,Declined,BR141
e103684,2026-05-07,Pune,C91436,MasterCard,Travel,Male,16902.58,UPI,Amazon,Retail,Approved,BR120
e103685,2026-01-31,Kolkata,C48874,RuPay,Travel,Male,9844.76,UPI,IRCTC,E-commerce,Declined,BR148
e103686,2026-01-25,Delhi,C30289,RuPay,Fuel,Female,22780.15,Credit,Amazon,Utilities,Approved,BR102
e103687,2026-03-03,Vizag,C38741,MasterCard,Travel,Male,5383.93,NetBanking,Amazon,Travel,Declined,BR135
e103688,2026-04-18,Mumbai,C95191,Amex,Dining,Female,15742.79,UPI,IOCL,Travel,Approved,BR133
e103689,2026-05-18,Pune,C26593,RuPay,Travel,Female,7184.83,Credit,Reliance,Food,Declined,BR108
e103690,2026-03-18,Vizag,C74069,Amex,Dining,Female,1367.78,NetBanking,Zomato,Food,Declined,BR135
e103691,2026-01-31,Kolkata,C65971,RuPay,Dining,Male,3586.02,NetBanking,IRCTC,Fuel,Declined,BR143
e103692,2026-01-09,Delhi,C54893,RuPay,Shopping,Female,10604.4,UPI,IRCTC,Utilities,Declined,BR145
e103693,2026-02-24,Pune,C65450,RuPay,Utilities,Male,18332.18,NetBanking,Reliance,Travel,Declined,BR102
e103694,2026-05-23,Vizag,C98352,MasterCard,Travel,Male,12265.96,NetBanking,HPCL,Utilities,Approved,BR110
e103695,2026-02-12,Hyderabad,C91887,Visa,Groceries,Female,11955.88,UPI,Swiggy,Travel,Approved,BR139
e103696,2026-05-16,Delhi,C68756,Visa,Dining,Male,16473.59,NetBanking,HPCL,Retail,Approved,BR132
e103697,2026-06-09,Kolkata,C31887,RuPay,Fuel,Male,10132.36,NetBanking,Zomato,Food,Approved,BR150
e103698,2026-03-12,Bengaluru,C79096,RuPay,Travel,Male,24970.17,NetBanking,Amazon,Travel,Approved,BR135
e103699,2026-03-12,Mumbai,C41857,Visa,Travel,Male,13349.64,Credit,HPCL,Food,Declined,BR123
e103700,2026-02-11,Hyderabad,C51076,Visa,Fuel,Male,16447.55,NetBanking,Swiggy,E-commerce,Declined,BR130
e103701,2026-03-01,Mumbai,C64577,Visa,Utilities,Female,137.48,UPI,Swiggy,Travel,Approved,BR119
e103702,2026-01-15,Bengaluru,C70052,MasterCard,Dining,Male,17726.53,NetBanking,HPCL,Food,Declined,BR142
e103703,2026-02-11,Hyderabad,C32664,Visa,Travel,Female,483.54,NetBanking,IOCL,Fuel,Declined,BR111
e103704,2026-05-27,Bengaluru,C25454,RuPay,Shopping,Male,6045.23,Credit,Zomato,Travel,Approved,BR150
e103705,2026-02-13,Hyderabad,C76778,Visa,Groceries,Female,14289.0,Credit,Zomato,Utilities,Declined,BR106
e103706,2026-02-17,Kolkata,C80519,Amex,Fuel,Male,21356.06,NetBanking,Zomato,Utilities,Approved,BR124
e103707,2026-04-15,Chennai,C93185,Visa,Travel,Female,5557.61,NetBanking,Amazon,Food,Approved,BR139
e103708,2026-01-08,Chennai,C74736,RuPay,Fuel,Male,273.05,UPI,Swiggy,Fuel,Declined,BR109
e103709,2026-06-15,Mumbai,C46659,Visa,Dining,Female,10141.58,Credit,Amazon,Retail,Approved,BR150
e103710,2026-04-18,Hyderabad,C34852,Amex,Travel,Male,5883.0,NetBanking,IRCTC,E-commerce,Declined,BR150
e103711,2026-06-11,Mumbai,C51631,MasterCard,Dining,Female,18065.44,Credit,DMart,Food,Declined,BR101
e103712,2026-02-05,Mumbai,C43772,Visa,Shopping,Male,9840.49,NetBanking,IOCL,Travel,Declined,BR107
e103713,2026-02-10,Bengaluru,C91233,Amex,Groceries,Male,23586.3,NetBanking,IRCTC,Travel,Declined,BR130
e103714,2026-02-14,Delhi,C36870,MasterCard,Travel,Male,2889.78,Credit,Swiggy,Travel,Declined,BR122
e103715,2026-02-21,Bengaluru,C17842,Amex,Utilities,Male,5891.23,Credit,HPCL,Retail,Declined,BR128
e103716,2026-05-09,Bengaluru,C14041,Amex,Dining,Male,8462.18,NetBanking,IOCL,Travel,Approved,BR120
e103717,2026-02-03,Chennai,C46013,RuPay,Utilities,Female,788.32,Credit,Swiggy,Fuel,Approved,BR144
e103718,2026-01-02,Hyderabad,C33038,RuPay,Groceries,Female,10698.89,UPI,HPCL,Travel,Declined,BR132
e103719,2026-06-30,Mumbai,C31400,RuPay,Travel,Female,8254.14,NetBanking,HPCL,Fuel,Approved,BR126
e103720,2026-03-19,Delhi,C64506,Visa,Fuel,Male,24867.66,Credit,HPCL,E-commerce,Declined,BR119
e103721,2026-06-07,Mumbai,C52502,Amex,Fuel,Male,15595.0,Credit,IOCL,Fuel,Declined,BR110
e103722,2026-02-13,Chennai,C16569,RuPay,Utilities,Female,20875.36,UPI,IRCTC,Utilities,Approved,BR121
e103723,2026-04-27,Pune,C36548,Visa,Shopping,Female,8682.31,NetBanking,Amazon,E-commerce,Approved,BR122
e103724,2026-06-23,Chennai,C19469,MasterCard,Travel,Male,2213.83,Credit,Amazon,Food,Declined,BR103
e103725,2026-06-29,Kolkata,C78100,MasterCard,Utilities,Female,17922.5,NetBanking,HPCL,Retail,Declined,BR131
e103726,2026-06-20,Mumbai,C74252,MasterCard,Groceries,Female,14430.59,Credit,Zomato,Fuel,Declined,BR106
e103727,2026-02-18,Hyderabad,C22731,Visa,Dining,Male,17301.69,NetBanking,Reliance,Retail,Approved,BR148
e103728,2026-03-25,Vizag,C28266,Amex,Groceries,Male,20788.71,Credit,Reliance,Fuel,Approved,BR126
e103729,2026-02-25,Bengaluru,C18912,Visa,Dining,Female,14928.34,UPI,IRCTC,Retail,Approved,BR122
e103730,2026-03-01,Bengaluru,C73284,MasterCard,Travel,Female,20831.87,NetBanking,IOCL,Travel,Declined,BR103
e103731,2026-05-12,Bengaluru,C69384,MasterCard,Fuel,Male,11086.96,Credit,Zomato,Utilities,Approved,BR108
e103732,2026-04-23,Bengaluru,C25670,RuPay,Shopping,Male,14050.03,UPI,HPCL,Fuel,Approved,BR147
e103733,2026-01-01,Vizag,C23619,MasterCard,Travel,Male,267.67,Credit,IRCTC,Fuel,Declined,BR101
e103734,2026-06-09,Hyderabad,C72538,RuPay,Shopping,Male,10111.6,Credit,Zomato,E-commerce,Declined,BR124
e103735,2026-05-06,Delhi,C76217,RuPay,Dining,Male,10166.97,UPI,HPCL,Utilities,Declined,BR134
e103736,2026-01-30,Hyderabad,C53283,MasterCard,Fuel,Female,7651.61,NetBanking,HPCL,Food,Approved,BR126
e103737,2026-03-26,Chennai,C13221,MasterCard,Groceries,Male,12140.23,Credit,Reliance,Retail,Declined,BR131
e103738,2026-03-15,Pune,C93373,MasterCard,Shopping,Male,8376.59,Credit,Reliance,Fuel,Approved,BR104
e103739,2026-04-24,Kolkata,C67293,MasterCard,Shopping,Male,8599.93,UPI,Amazon,Travel,Approved,BR124
e103740,2026-04-11,Vizag,C55069,Visa,Travel,Male,9170.54,NetBanking,Amazon,Fuel,Declined,BR133
e103741,2026-05-01,Kolkata,C31725,MasterCard,Groceries,Male,19667.27,Credit,Swiggy,Utilities,Declined,BR102
e103742,2026-01-28,Chennai,C76183,MasterCard,Groceries,Female,10068.82,Credit,Amazon,Utilities,Declined,BR148
e103743,2026-01-07,Kolkata,C72660,MasterCard,Fuel,Male,16772.68,NetBanking,Amazon,Food,Declined,BR143
e103744,2026-01-16,Hyderabad,C87328,Visa,Shopping,Male,19377.98,NetBanking,Swiggy,Food,Declined,BR137
e103745,2026-03-05,Pune,C34180,Visa,Fuel,Female,23381.89,NetBanking,IOCL,Utilities,Approved,BR145
e103746,2026-05-30,Mumbai,C83411,Visa,Fuel,Male,9077.29,Credit,Zomato,E-commerce,Declined,BR145
e103747,2026-05-30,Bengaluru,C33061,MasterCard,Fuel,Male,5808.17,UPI,IOCL,Utilities,Approved,BR118
e103748,2026-05-20,Delhi,C76102,RuPay,Utilities,Female,15376.97,NetBanking,IRCTC,E-commerce,Declined,BR108
e103749,2026-03-10,Pune,C11700,Amex,Groceries,Male,16044.53,UPI,IRCTC,Travel,Approved,BR144
e103750,2026-01-03,Hyderabad,C89299,RuPay,Utilities,Female,23485.32,UPI,DMart,Utilities,Declined,BR136
e103751,2026-03-02,Bengaluru,C42719,Visa,Groceries,Male,14323.25,NetBanking,Swiggy,Food,Declined,BR121
e103752,2026-06-28,Mumbai,C81557,Visa,Fuel,Female,13669.86,Credit,IOCL,Food,Approved,BR127
e103753,2026-02-20,Chennai,C52716,Amex,Shopping,Male,17077.19,UPI,Swiggy,Fuel,Declined,BR105
e103754,2026-06-07,Chennai,C73367,RuPay,Travel,Male,6648.67,UPI,Reliance,Retail,Declined,BR132
e103755,2026-05-24,Hyderabad,C16251,MasterCard,Groceries,Male,13904.33,NetBanking,Amazon,Travel,Declined,BR103
e103756,2026-04-08,Bengaluru,C64024,Visa,Utilities,Male,22460.19,NetBanking,HPCL,Retail,Declined,BR106
e103757,2026-05-16,Delhi,C85378,RuPay,Utilities,Male,2855.33,NetBanking,DMart,Utilities,Approved,BR136
e103758,2026-04-02,Bengaluru,C68819,RuPay,Groceries,Male,22295.49,Credit,Zomato,Food,Declined,BR126
e103759,2026-01-13,Delhi,C33969,Amex,Dining,Male,14371.27,NetBanking,Amazon,Utilities,Approved,BR125
e103760,2026-05-09,Hyderabad,C36541,Visa,Shopping,Male,1072.14,UPI,Reliance,Retail,Approved,BR124
e103761,2026-06-06,Chennai,C79758,RuPay,Groceries,Female,19338.08,NetBanking,DMart,Utilities,Approved,BR101
e103762,2026-04-23,Mumbai,C44372,Visa,Travel,Female,17026.61,NetBanking,Amazon,Food,Approved,BR126
e103763,2026-06-01,Hyderabad,C79419,RuPay,Shopping,Male,3488.2,UPI,Amazon,Retail,Approved,BR131
e103764,2026-03-13,Delhi,C72596,Visa,Travel,Male,18232.92,Credit,Swiggy,Food,Declined,BR141
e103765,2026-05-30,Mumbai,C41185,MasterCard,Shopping,Male,2806.23,UPI,Zomato,Food,Declined,BR147
e103766,2026-06-02,Hyderabad,C36793,Amex,Fuel,Female,17579.6,UPI,IRCTC,Utilities,Approved,BR114
e103767,2026-03-17,Bengaluru,C35215,Amex,Dining,Female,14869.48,Credit,IOCL,Utilities,Declined,BR128
e103768,2026-05-24,Bengaluru,C19058,RuPay,Shopping,Male,14937.2,Credit,DMart,Travel,Declined,BR137
e103769,2026-02-26,Pune,C40977,MasterCard,Shopping,Female,7845.38,NetBanking,Swiggy,Travel,Declined,BR102
e103770,2026-02-12,Hyderabad,C45530,Amex,Fuel,Female,23652.42,Credit,Swiggy,Retail,Approved,BR107
e103771,2026-03-01,Vizag,C77048,RuPay,Groceries,Male,14394.65,NetBanking,Reliance,Utilities,Approved,BR117
e103772,2026-06-17,Bengaluru,C81262,Visa,Groceries,Female,15377.84,Credit,HPCL,Utilities,Declined,BR121
e103773,2026-04-14,Delhi,C38872,Amex,Utilities,Female,21303.94,NetBanking,Amazon,Travel,Declined,BR143
e103774,2026-06-05,Mumbai,C55436,Visa,Travel,Male,18813.36,Credit,HPCL,Utilities,Approved,BR116
e103775,2026-06-17,Mumbai,C79334,Visa,Dining,Female,13660.3,Credit,Swiggy,Fuel,Approved,BR123
e103776,2026-05-16,Kolkata,C56939,Amex,Shopping,Female,5386.42,Credit,IRCTC,Utilities,Approved,BR138
e103777,2026-05-04,Bengaluru,C47935,Amex,Utilities,Male,17643.27,UPI,IOCL,Retail,Approved,BR108
e103778,2026-02-21,Bengaluru,C62473,Amex,Travel,Female,1872.44,UPI,Zomato,Utilities,Approved,BR125
e103779,2026-04-22,Vizag,C85428,MasterCard,Shopping,Male,12777.33,NetBanking,DMart,E-commerce,Approved,BR119
e103780,2026-03-16,Vizag,C18141,MasterCard,Travel,Female,7946.57,Credit,IOCL,Retail,Approved,BR116
e103781,2026-02-23,Pune,C93775,Amex,Utilities,Female,11374.61,Credit,Swiggy,Food,Declined,BR143
e103782,2026-06-13,Hyderabad,C67693,Amex,Fuel,Male,18384.87,Credit,IOCL,Fuel,Approved,BR111
e103783,2026-03-09,Mumbai,C19790,Amex,Utilities,Female,7293.57,Credit,HPCL,Retail,Approved,BR107
e103784,2026-03-30,Chennai,C94723,MasterCard,Groceries,Male,8332.92,NetBanking,Amazon,Food,Approved,BR147
e103785,2026-04-09,Chennai,C38942,RuPay,Fuel,Male,3421.57,NetBanking,Swiggy,Fuel,Declined,BR106
e103786,2026-02-19,Chennai,C53121,Visa,Utilities,Male,10138.14,NetBanking,Amazon,Travel,Declined,BR137
e103787,2026-05-24,Pune,C18192,MasterCard,Fuel,Male,21872.29,Credit,HPCL,Fuel,Declined,BR135
e103788,2026-02-07,Mumbai,C40619,RuPay,Fuel,Female,5232.67,UPI,Swiggy,Travel,Declined,BR141
e103789,2026-01-17,Vizag,C33772,MasterCard,Fuel,Male,17208.36,Credit,Zomato,Travel,Declined,BR141
e103790,2026-01-29,Delhi,C54466,Amex,Dining,Male,22481.36,NetBanking,HPCL,Utilities,Declined,BR125
e103791,2026-05-26,Kolkata,C12947,Amex,Shopping,Male,21854.81,Credit,HPCL,Utilities,Approved,BR116
e103792,2026-05-20,Vizag,C28375,MasterCard,Utilities,Male,12504.03,NetBanking,Amazon,Retail,Approved,BR104
e103793,2026-03-15,Chennai,C48083,MasterCard,Fuel,Male,2939.13,UPI,IOCL,Food,Declined,BR136
e103794,2026-06-26,Mumbai,C91528,RuPay,Dining,Female,2415.3,Credit,DMart,Fuel,Declined,BR149
e103795,2026-05-27,Pune,C45929,RuPay,Travel,Female,146.71,Credit,IOCL,E-commerce,Declined,BR122
e103796,2026-02-04,Vizag,C76522,Amex,Travel,Female,9999.85,UPI,DMart,Food,Approved,BR148
e103797,2026-06-30,Delhi,C98269,MasterCard,Fuel,Male,19771.86,Credit,Amazon,Food,Approved,BR125
e103798,2026-05-30,Mumbai,C72633,Visa,Travel,Male,18829.58,UPI,IOCL,Food,Declined,BR110
e103799,2026-04-25,Bengaluru,C79209,RuPay,Travel,Male,14896.41,Credit,IOCL,Travel,Declined,BR140
e103800,2026-03-13,Delhi,C36964,MasterCard,Fuel,Female,18302.43,UPI,IOCL,Utilities,Approved,BR112
e103801,2026-01-06,Vizag,C95317,RuPay,Dining,Male,9393.64,Credit,Amazon,Retail,Approved,BR120
e103802,2026-04-28,Delhi,C70749,Visa,Fuel,Female,10359.88,Credit,DMart,Food,Declined,BR111
e103803,2026-06-15,Bengaluru,C48287,Amex,Dining,Female,24925.26,Credit,IOCL,Fuel,Declined,BR116
e103804,2026-01-30,Vizag,C56158,RuPay,Shopping,Female,24246.79,UPI,IRCTC,Retail,Approved,BR128
e103805,2026-02-19,Kolkata,C63748,MasterCard,Shopping,Male,16049.02,NetBanking,HPCL,Travel,Approved,BR136
e103806,2026-03-11,Pune,C81151,Visa,Travel,Male,1942.0,UPI,Amazon,Utilities,Approved,BR135
e103807,2026-06-15,Chennai,C62870,MasterCard,Fuel,Male,19668.17,UPI,Swiggy,E-commerce,Approved,BR110
e103808,2026-03-04,Chennai,C77807,Visa,Shopping,Male,20225.01,NetBanking,IOCL,Food,Declined,BR126
e103809,2026-06-11,Delhi,C73660,Amex,Travel,Female,6085.1,Credit,DMart,Retail,Approved,BR108
e103810,2026-04-03,Delhi,C77412,RuPay,Utilities,Female,15662.54,NetBanking,Zomato,Retail,Approved,BR122
e103811,2026-01-19,Mumbai,C65232,MasterCard,Utilities,Male,7229.7,NetBanking,DMart,Travel,Approved,BR110
e103812,2026-01-17,Kolkata,C37486,Visa,Shopping,Male,21525.31,UPI,DMart,E-commerce,Declined,BR115
e103813,2026-06-07,Kolkata,C32592,RuPay,Shopping,Male,1449.11,NetBanking,IOCL,Fuel,Declined,BR146
e103814,2026-05-26,Kolkata,C34768,MasterCard,Utilities,Female,504.87,UPI,DMart,Travel,Declined,BR149
e103815,2026-04-12,Mumbai,C66365,Visa,Shopping,Male,3764.84,NetBanking,Reliance,Travel,Declined,BR116
e103816,2026-02-10,Bengaluru,C32189,Amex,Groceries,Male,16996.98,NetBanking,HPCL,E-commerce,Approved,BR119
e103817,2026-05-21,Pune,C17194,RuPay,Utilities,Male,6249.58,NetBanking,IOCL,Travel,Declined,BR115
e103818,2026-04-17,Chennai,C47045,Visa,Utilities,Female,17983.26,Credit,IOCL,Travel,Approved,BR148
e103819,2026-06-04,Mumbai,C13258,Visa,Groceries,Male,20642.87,Credit,IOCL,Retail,Approved,BR104
e103820,2026-02-27,Mumbai,C80429,MasterCard,Shopping,Female,21649.39,NetBanking,IOCL,Utilities,Approved,BR108
e103821,2026-05-03,Delhi,C90054,RuPay,Fuel,Female,9272.01,UPI,IRCTC,Retail,Declined,BR149
e103822,2026-05-01,Pune,C35406,Amex,Groceries,Female,21451.05,NetBanking,Reliance,E-commerce,Approved,BR111
e103823,2026-02-19,Vizag,C45308,Visa,Fuel,Female,7273.98,UPI,Reliance,Utilities,Approved,BR101
e103824,2026-03-23,Kolkata,C45702,Visa,Travel,Female,9375.48,UPI,IOCL,Fuel,Declined,BR105
e103825,2026-06-13,Kolkata,C85541,Visa,Groceries,Male,6359.7,UPI,IRCTC,Fuel,Declined,BR110
e103826,2026-04-21,Vizag,C76143,Amex,Utilities,Female,7132.76,NetBanking,Swiggy,Utilities,Declined,BR136
e103827,2026-04-21,Delhi,C41351,RuPay,Utilities,Female,948.6,NetBanking,HPCL,Utilities,Approved,BR142
e103828,2026-05-24,Mumbai,C56780,RuPay,Dining,Female,8510.12,UPI,DMart,Food,Approved,BR117
e103829,2026-02-28,Chennai,C26472,RuPay,Shopping,Female,7362.0,UPI,Reliance,Travel,Approved,BR122
e103830,2026-02-01,Pune,C79761,Visa,Travel,Female,474.12,NetBanking,DMart,Utilities,Declined,BR101
e103831,2026-04-28,Pune,C85253,Visa,Groceries,Female,19795.18,NetBanking,Swiggy,Food,Declined,BR133
e103832,2026-02-25,Delhi,C94043,RuPay,Utilities,Male,17917.34,Credit,Zomato,Utilities,Approved,BR107
e103833,2026-05-18,Hyderabad,C80259,RuPay,Fuel,Female,21964.39,NetBanking,IRCTC,Food,Declined,BR129
e103834,2026-05-31,Hyderabad,C34245,RuPay,Fuel,Male,1104.24,UPI,HPCL,Utilities,Approved,BR132
e103835,2026-05-13,Pune,C65086,MasterCard,Groceries,Female,19889.51,UPI,HPCL,Food,Declined,BR112
e103836,2026-05-17,Kolkata,C16828,Visa,Travel,Male,17601.49,UPI,Amazon,Retail,Approved,BR136
e103837,2026-06-02,Hyderabad,C75008,Visa,Groceries,Male,2314.2,NetBanking,DMart,E-commerce,Declined,BR143
e103838,2026-02-23,Pune,C32424,MasterCard,Fuel,Female,10978.22,UPI,Swiggy,Utilities,Approved,BR123
e103839,2026-05-31,Vizag,C79922,Amex,Utilities,Female,17141.41,UPI,DMart,Travel,Declined,BR137
e103840,2026-01-23,Hyderabad,C59526,Amex,Dining,Male,10717.03,NetBanking,DMart,Retail,Approved,BR109
e103841,2026-06-06,Bengaluru,C74175,MasterCard,Dining,Female,163.64,UPI,IOCL,Travel,Declined,BR104
e103842,2026-05-04,Vizag,C69218,RuPay,Fuel,Female,4543.86,UPI,Amazon,Retail,Declined,BR143
e103843,2026-01-12,Vizag,C61892,Amex,Fuel,Male,14422.42,Credit,Amazon,Utilities,Declined,BR139
e103844,2026-02-20,Mumbai,C14737,MasterCard,Fuel,Female,10698.03,NetBanking,Amazon,Retail,Approved,BR110
e103845,2026-05-19,Mumbai,C82145,RuPay,Utilities,Male,13292.16,Credit,IRCTC,Travel,Approved,BR121
e103846,2026-05-18,Pune,C59391,MasterCard,Utilities,Female,13547.68,NetBanking,IOCL,Retail,Declined,BR109
e103847,2026-04-19,Bengaluru,C43338,RuPay,Groceries,Male,22775.81,Credit,Swiggy,Travel,Declined,BR141
e103848,2026-04-27,Delhi,C75095,Amex,Travel,Male,6542.44,UPI,Amazon,Food,Declined,BR131
e103849,2026-01-20,Vizag,C20215,Visa,Groceries,Male,11105.81,Credit,DMart,Fuel,Declined,BR147
e103850,2026-02-01,Bengaluru,C12344,RuPay,Travel,Male,2152.92,Credit,Reliance,Fuel,Declined,BR117
e103851,2026-05-03,Bengaluru,C58951,Visa,Shopping,Female,5486.91,Credit,Zomato,Fuel,Declined,BR110
e103852,2026-06-18,Mumbai,C76316,MasterCard,Travel,Male,24075.01,Credit,IRCTC,Travel,Approved,BR119
e103853,2026-04-23,Kolkata,C19848,Visa,Shopping,Female,4947.48,Credit,Reliance,Fuel,Declined,BR121
e103854,2026-02-24,Hyderabad,C59385,MasterCard,Travel,Male,21310.76,Credit,IRCTC,Utilities,Approved,BR115
e103855,2026-02-17,Hyderabad,C52007,Amex,Shopping,Female,20419.94,UPI,Swiggy,Utilities,Declined,BR114
e103856,2026-06-26,Pune,C14800,Visa,Fuel,Female,4078.12,UPI,HPCL,Retail,Approved,BR128
e103857,2026-05-16,Bengaluru,C96818,RuPay,Fuel,Male,19644.21,Credit,Swiggy,Travel,Approved,BR110
e103858,2026-05-18,Kolkata,C13999,Amex,Utilities,Female,21629.29,UPI,IRCTC,Utilities,Declined,BR134
e103859,2026-06-23,Vizag,C27737,RuPay,Fuel,Male,9072.38,Credit,Reliance,Retail,Declined,BR148
e103860,2026-06-22,Chennai,C38194,Visa,Groceries,Female,1959.54,Credit,IRCTC,Food,Declined,BR101
e103861,2026-04-06,Chennai,C43253,Visa,Groceries,Male,23360.71,Credit,Swiggy,Utilities,Approved,BR147
e103862,2026-03-14,Delhi,C54647,Amex,Travel,Female,22190.16,Credit,Reliance,Retail,Declined,BR150
e103863,2026-04-29,Bengaluru,C32017,RuPay,Travel,Female,1305.13,Credit,HPCL,Retail,Approved,BR105
e103864,2026-03-26,Mumbai,C21867,Amex,Travel,Male,20654.44,UPI,IRCTC,Food,Declined,BR108
e103865,2026-01-03,Mumbai,C87700,RuPay,Dining,Female,19226.47,UPI,Swiggy,Fuel,Declined,BR123
e103866,2026-01-22,Vizag,C68979,Visa,Fuel,Female,4389.97,UPI,IRCTC,Utilities,Approved,BR149
e103867,2026-02-22,Delhi,C35365,RuPay,Dining,Male,5883.7,UPI,DMart,Food,Approved,BR120
e103868,2026-04-16,Chennai,C91707,Visa,Utilities,Male,21697.75,NetBanking,Zomato,E-commerce,Declined,BR125
e103869,2026-06-19,Delhi,C97900,Amex,Groceries,Female,1021.86,UPI,Reliance,E-commerce,Declined,BR132
e103870,2026-04-13,Hyderabad,C67862,Amex,Shopping,Female,20597.13,Credit,Zomato,E-commerce,Approved,BR132
e103871,2026-06-12,Delhi,C44748,MasterCard,Shopping,Female,14645.49,NetBanking,Reliance,Travel,Approved,BR120
e103872,2026-01-01,Chennai,C97713,Visa,Travel,Female,9635.37,NetBanking,IRCTC,E-commerce,Approved,BR149
e103873,2026-03-07,Vizag,C94696,Amex,Travel,Female,10446.29,UPI,DMart,Travel,Declined,BR114
e103874,2026-02-21,Pune,C17348,MasterCard,Fuel,Female,17679.08,NetBanking,Amazon,Fuel,Approved,BR115
e103875,2026-03-05,Pune,C23341,RuPay,Utilities,Male,1872.73,NetBanking,IRCTC,E-commerce,Declined,BR130
e103876,2026-01-01,Delhi,C60574,Amex,Groceries,Female,22013.23,NetBanking,Swiggy,Retail,Approved,BR129
e103877,2026-01-21,Bengaluru,C92667,Visa,Fuel,Male,10422.51,Credit,HPCL,Fuel,Approved,BR124
e103878,2026-05-12,Hyderabad,C14159,MasterCard,Fuel,Female,9761.31,UPI,IOCL,Retail,Declined,BR125
e103879,2026-01-09,Mumbai,C89837,RuPay,Dining,Female,8424.02,NetBanking,Reliance,Utilities,Declined,BR147
e103880,2026-02-28,Bengaluru,C97251,Visa,Travel,Male,2088.63,Credit,Zomato,Food,Approved,BR108
e103881,2026-04-30,Kolkata,C27364,Amex,Travel,Male,12608.41,Credit,IOCL,E-commerce,Approved,BR120
e103882,2026-02-04,Mumbai,C74373,Visa,Shopping,Female,15023.97,Credit,Amazon,Travel,Approved,BR137
e103883,2026-06-17,Chennai,C65053,RuPay,Utilities,Male,18299.1,UPI,Swiggy,Utilities,Declined,BR111
e103884,2026-06-12,Chennai,C46775,RuPay,Groceries,Male,13686.24,Credit,IRCTC,Food,Declined,BR112
e103885,2026-01-28,Delhi,C94894,Amex,Dining,Female,20270.53,NetBanking,DMart,Travel,Approved,BR147
e103886,2026-04-21,Mumbai,C64707,Visa,Dining,Male,18118.28,NetBanking,Reliance,Food,Declined,BR104
e103887,2026-03-03,Chennai,C33933,Visa,Shopping,Female,18740.51,Credit,Swiggy,Utilities,Approved,BR148
e103888,2026-05-19,Hyderabad,C58451,MasterCard,Fuel,Female,13355.06,NetBanking,DMart,E-commerce,Declined,BR105
e103889,2026-02-20,Mumbai,C12997,MasterCard,Travel,Female,17536.24,Credit,DMart,Travel,Declined,BR135
e103890,2026-06-22,Vizag,C33817,RuPay,Utilities,Male,22260.64,UPI,Swiggy,E-commerce,Approved,BR143
e103891,2026-05-02,Kolkata,C92953,MasterCard,Shopping,Female,11848.78,Credit,Zomato,Retail,Approved,BR110
e103892,2026-01-19,Kolkata,C36992,RuPay,Groceries,Female,11775.2,Credit,IRCTC,Retail,Declined,BR141
e103893,2026-04-02,Bengaluru,C50151,Visa,Fuel,Male,12058.5,Credit,Reliance,Travel,Approved,BR140
e103894,2026-01-31,Hyderabad,C19318,RuPay,Fuel,Female,17485.12,NetBanking,HPCL,Fuel,Declined,BR102
e103895,2026-06-16,Kolkata,C56936,Amex,Fuel,Male,7925.02,NetBanking,Zomato,Retail,Approved,BR104
e103896,2026-03-30,Bengaluru,C30244,RuPay,Fuel,Female,20543.47,NetBanking,IOCL,Travel,Approved,BR119
e103897,2026-02-02,Chennai,C15141,Amex,Dining,Female,16541.61,NetBanking,IRCTC,E-commerce,Approved,BR128
e103898,2026-01-01,Kolkata,C18608,Visa,Dining,Female,5636.81,NetBanking,IOCL,Utilities,Approved,BR135
e103899,2026-03-29,Mumbai,C22074,Visa,Shopping,Female,9684.6,UPI,IRCTC,Travel,Approved,BR141
e103900,2026-05-29,Vizag,C56196,Amex,Travel,Male,7834.75,UPI,IOCL,Retail,Approved,BR110
e103901,2026-05-11,Vizag,C89518,RuPay,Utilities,Female,23073.59,Credit,HPCL,Food,Declined,BR140
e103902,2026-02-10,Chennai,C56451,MasterCard,Groceries,Male,12988.91,UPI,Reliance,Travel,Approved,BR104
e103903,2026-02-02,Kolkata,C16707,Visa,Shopping,Female,9632.56,UPI,Amazon,E-commerce,Approved,BR137
e103904,2026-06-28,Vizag,C28376,Amex,Groceries,Female,18267.41,NetBanking,Reliance,Fuel,Declined,BR148
e103905,2026-04-02,Chennai,C91103,RuPay,Groceries,Male,22311.61,Credit,HPCL,Food,Declined,BR106
e103906,2026-05-02,Chennai,C33993,RuPay,Travel,Female,3663.4,Credit,HPCL,Food,Declined,BR146
e103907,2026-04-21,Chennai,C52258,RuPay,Dining,Female,9320.83,UPI,HPCL,Food,Approved,BR149
e103908,2026-04-20,Pune,C50712,Visa,Shopping,Male,15546.58,NetBanking,Swiggy,Retail,Declined,BR128
e103909,2026-01-05,Mumbai,C93902,RuPay,Fuel,Male,7879.51,UPI,Reliance,Travel,Declined,BR103
e103910,2026-04-11,Delhi,C58991,Amex,Utilities,Male,7548.9,NetBanking,Swiggy,Fuel,Declined,BR130
e103911,2026-03-26,Mumbai,C18962,MasterCard,Groceries,Female,10866.59,NetBanking,Swiggy,Travel,Declined,BR113
e103912,2026-05-03,Chennai,C76072,RuPay,Fuel,Female,7940.35,UPI,HPCL,Fuel,Approved,BR139
e103913,2026-01-29,Bengaluru,C58459,Amex,Shopping,Male,15084.32,Credit,Reliance,Food,Declined,BR129
e103914,2026-05-31,Vizag,C96888,MasterCard,Dining,Female,20223.7,UPI,HPCL,Travel,Declined,BR117
e103915,2026-06-08,Kolkata,C55648,MasterCard,Shopping,Male,12580.17,NetBanking,Swiggy,Retail,Declined,BR133
e103916,2026-02-24,Hyderabad,C12899,Visa,Utilities,Male,8208.8,NetBanking,IOCL,Food,Approved,BR103
e103917,2026-05-08,Chennai,C90542,MasterCard,Shopping,Male,2115.52,NetBanking,IRCTC,Food,Approved,BR129
e103918,2026-03-19,Hyderabad,C42827,Amex,Travel,Male,6734.59,UPI,HPCL,Fuel,Approved,BR125
e103919,2026-06-21,Hyderabad,C72599,Visa,Dining,Male,12272.39,UPI,DMart,Travel,Approved,BR110
e103920,2026-03-07,Hyderabad,C60282,Visa,Utilities,Female,2276.24,Credit,Zomato,Utilities,Declined,BR102
e103921,2026-06-28,Vizag,C29307,Amex,Groceries,Female,15960.25,UPI,Reliance,Travel,Declined,BR138
e103922,2026-02-22,Hyderabad,C61329,Amex,Groceries,Female,8147.37,Credit,Zomato,Utilities,Approved,BR110
e103923,2026-06-26,Pune,C79415,MasterCard,Utilities,Male,15777.98,UPI,IRCTC,Utilities,Declined,BR136
e103924,2026-03-09,Delhi,C26420,RuPay,Dining,Male,16059.87,UPI,Swiggy,Food,Declined,BR133
e103925,2026-01-26,Pune,C52429,MasterCard,Shopping,Male,21174.97,NetBanking,Amazon,Retail,Approved,BR112
e103926,2026-02-27,Mumbai,C77317,Visa,Dining,Male,17715.91,NetBanking,Swiggy,Food,Declined,BR141
e103927,2026-02-28,Vizag,C44074,MasterCard,Fuel,Female,12390.23,Credit,Amazon,Retail,Declined,BR117
e103928,2026-04-17,Mumbai,C23662,MasterCard,Utilities,Female,15798.97,Credit,IRCTC,Retail,Declined,BR102
e103929,2026-05-05,Hyderabad,C54109,MasterCard,Shopping,Female,22335.22,NetBanking,IRCTC,Utilities,Approved,BR114
e103930,2026-02-21,Chennai,C73518,RuPay,Dining,Female,15713.66,Credit,Amazon,Utilities,Declined,BR104
e103931,2026-01-23,Mumbai,C20628,RuPay,Travel,Female,11604.06,UPI,DMart,Utilities,Approved,BR130
e103932,2026-03-05,Chennai,C27212,Amex,Utilities,Female,2422.34,Credit,IOCL,Retail,Declined,BR116
e103933,2026-04-01,Hyderabad,C30111,MasterCard,Dining,Male,12372.61,Credit,Amazon,Travel,Approved,BR116
e103934,2026-01-23,Bengaluru,C99658,RuPay,Utilities,Male,8416.52,NetBanking,HPCL,Food,Declined,BR133
e103935,2026-01-02,Hyderabad,C33590,Amex,Fuel,Female,16331.24,Credit,Amazon,Utilities,Declined,BR133
e103936,2026-05-26,Mumbai,C87201,RuPay,Travel,Male,23707.64,UPI,Amazon,Retail,Declined,BR132
e103937,2026-04-20,Delhi,C59246,MasterCard,Travel,Male,23683.02,Credit,Reliance,Food,Declined,BR116
e103938,2026-05-30,Pune,C40289,Amex,Utilities,Female,21759.26,Credit,Amazon,E-commerce,Declined,BR105
e103939,2026-03-03,Hyderabad,C22392,MasterCard,Utilities,Female,22183.67,Credit,HPCL,Food,Approved,BR127
e103940,2026-03-22,Vizag,C11064,MasterCard,Shopping,Female,22190.65,Credit,HPCL,Utilities,Approved,BR131
e103941,2026-01-29,Kolkata,C88679,Amex,Utilities,Female,24347.96,NetBanking,HPCL,E-commerce,Approved,BR131
e103942,2026-04-25,Hyderabad,C22474,Visa,Travel,Female,16869.39,UPI,IOCL,Food,Approved,BR128
e103943,2026-04-22,Hyderabad,C65810,Visa,Travel,Female,21976.87,Credit,Amazon,Food,Declined,BR111
e103944,2026-02-20,Bengaluru,C69145,RuPay,Fuel,Male,15271.25,Credit,IOCL,Food,Approved,BR108
e103945,2026-05-09,Delhi,C95271,RuPay,Utilities,Male,21911.81,UPI,Zomato,E-commerce,Approved,BR103
e103946,2026-06-28,Mumbai,C16855,Visa,Shopping,Female,18230.23,Credit,IOCL,Retail,Approved,BR147
e103947,2026-05-06,Chennai,C90109,MasterCard,Shopping,Female,18428.0,Credit,Zomato,Retail,Declined,BR124
e103948,2026-01-30,Pune,C84425,Amex,Shopping,Female,22128.87,Credit,Swiggy,E-commerce,Approved,BR134
e103949,2026-05-22,Kolkata,C45315,MasterCard,Dining,Female,5838.28,UPI,IOCL,E-commerce,Declined,BR107
e103950,2026-03-25,Hyderabad,C79993,MasterCard,Fuel,Female,12706.98,Credit,Swiggy,Retail,Approved,BR126
e103951,2026-04-04,Pune,C83433,Amex,Dining,Female,22569.48,Credit,Swiggy,Fuel,Approved,BR144
e103952,2026-01-02,Mumbai,C35972,Amex,Groceries,Male,3708.72,UPI,Amazon,Fuel,Declined,BR136
e103953,2026-02-07,Pune,C61080,Amex,Groceries,Female,13075.46,Credit,IOCL,E-commerce,Declined,BR129
e103954,2026-01-17,Kolkata,C90194,MasterCard,Fuel,Female,7753.98,Credit,Reliance,Fuel,Declined,BR104
e103955,2026-05-23,Kolkata,C28726,Amex,Groceries,Male,10772.34,UPI,Zomato,Food,Declined,BR131
e103956,2026-04-13,Mumbai,C94499,MasterCard,Groceries,Male,9939.56,NetBanking,HPCL,Utilities,Declined,BR150
e103957,2026-01-28,Bengaluru,C87881,MasterCard,Travel,Female,22834.59,UPI,Reliance,E-commerce,Declined,BR103
e103958,2026-06-29,Mumbai,C67341,Visa,Travel,Male,5902.92,Credit,IRCTC,E-commerce,Approved,BR132
e103959,2026-06-01,Pune,C62356,Amex,Dining,Female,12492.39,NetBanking,IRCTC,Food,Approved,BR109
e103960,2026-02-16,Hyderabad,C93970,Visa,Fuel,Male,3003.49,UPI,DMart,E-commerce,Approved,BR142
e103961,2026-05-16,Delhi,C15082,Visa,Dining,Male,12800.45,NetBanking,IOCL,E-commerce,Declined,BR108
e103962,2026-06-13,Pune,C18149,Amex,Travel,Male,5171.24,UPI,Zomato,Fuel,Declined,BR147
e103963,2026-01-13,Kolkata,C17870,Visa,Dining,Male,14175.79,NetBanking,Zomato,Travel,Declined,BR149
e103964,2026-05-04,Kolkata,C73592,MasterCard,Dining,Female,23244.97,Credit,Zomato,Food,Approved,BR128
e103965,2026-04-16,Vizag,C26112,Amex,Groceries,Male,20361.05,UPI,Zomato,Fuel,Declined,BR116
e103966,2026-06-03,Kolkata,C91101,Visa,Groceries,Female,7575.65,UPI,IRCTC,E-commerce,Approved,BR122
e103967,2026-04-19,Pune,C64612,MasterCard,Shopping,Female,7325.18,UPI,Reliance,Utilities,Approved,BR110
e103968,2026-01-13,Kolkata,C63799,RuPay,Fuel,Female,11355.52,Credit,IRCTC,Travel,Approved,BR145
e103969,2026-04-06,Bengaluru,C39875,MasterCard,Dining,Male,3742.25,NetBanking,Swiggy,Retail,Approved,BR101
e103970,2026-04-14,Chennai,C60179,MasterCard,Shopping,Female,22464.9,NetBanking,Reliance,Food,Declined,BR149
e103971,2026-03-19,Chennai,C94322,RuPay,Dining,Male,3280.89,UPI,Zomato,Retail,Approved,BR126
e103972,2026-03-05,Pune,C89272,Visa,Dining,Female,16621.87,Credit,Zomato,Travel,Approved,BR133
e103973,2026-06-02,Chennai,C20503,Amex,Dining,Female,4005.51,UPI,Swiggy,Fuel,Declined,BR144
e103974,2026-05-02,Delhi,C92350,MasterCard,Fuel,Male,13146.91,Credit,Swiggy,Food,Approved,BR119
e103975,2026-01-01,Hyderabad,C72871,MasterCard,Groceries,Male,7676.84,NetBanking,IRCTC,Food,Approved,BR136
e103976,2026-05-26,Delhi,C42900,Visa,Dining,Male,18624.96,Credit,Reliance,Retail,Declined,BR131
e103977,2026-04-13,Bengaluru,C94012,Visa,Utilities,Female,5867.93,NetBanking,IOCL,Travel,Approved,BR130
e103978,2026-06-26,Pune,C27892,MasterCard,Fuel,Male,5815.0,Credit,HPCL,Utilities,Approved,BR147
e103979,2026-01-11,Mumbai,C42479,MasterCard,Shopping,Male,10322.05,Credit,Swiggy,Utilities,Approved,BR134
e103980,2026-04-23,Chennai,C64216,RuPay,Shopping,Male,19780.56,Credit,Reliance,Travel,Approved,BR128
e103981,2026-03-05,Pune,C31572,MasterCard,Shopping,Female,15475.25,Credit,DMart,E-commerce,Declined,BR146
e103982,2026-05-26,Pune,C74094,MasterCard,Groceries,Female,16755.09,UPI,HPCL,E-commerce,Declined,BR113
e103983,2026-05-08,Hyderabad,C32579,Amex,Groceries,Male,17542.68,NetBanking,IOCL,Retail,Declined,BR120
e103984,2026-03-07,Chennai,C59430,RuPay,Dining,Male,5643.61,Credit,DMart,Utilities,Approved,BR101
e103985,2026-02-16,Hyderabad,C80168,RuPay,Utilities,Female,12150.23,UPI,Zomato,Retail,Approved,BR143
e103986,2026-01-23,Kolkata,C87638,Visa,Shopping,Female,18754.19,Credit,Amazon,Travel,Approved,BR106
e103987,2026-06-14,Pune,C80919,RuPay,Shopping,Female,2797.01,NetBanking,IOCL,E-commerce,Approved,BR134
e103988,2026-04-18,Chennai,C98919,Visa,Groceries,Female,9784.46,Credit,Swiggy,Utilities,Declined,BR145
e103989,2026-03-02,Bengaluru,C65192,MasterCard,Groceries,Male,15577.73,Credit,Zomato,Travel,Approved,BR136
e103990,2026-06-30,Chennai,C79348,Amex,Travel,Female,18028.51,UPI,IRCTC,Travel,Approved,BR143
e103991,2026-04-15,Chennai,C61903,Amex,Dining,Male,17029.58,UPI,DMart,Food,Declined,BR144
e103992,2026-06-28,Kolkata,C31755,RuPay,Utilities,Female,13532.42,Credit,IRCTC,E-commerce,Declined,BR149
e103993,2026-06-01,Vizag,C13360,Visa,Travel,Male,14034.64,NetBanking,Reliance,Retail,Approved,BR117
e103994,2026-05-20,Chennai,C83707,MasterCard,Dining,Male,17531.56,Credit,DMart,Retail,Declined,BR137
e103995,2026-03-26,Mumbai,C68352,Visa,Shopping,Female,20136.23,NetBanking,DMart,Food,Approved,BR112
e103996,2026-01-04,Hyderabad,C33773,RuPay,Fuel,Male,12367.02,UPI,Amazon,Retail,Approved,BR145
e103997,2026-05-24,Hyderabad,C33242,MasterCard,Fuel,Female,15832.62,NetBanking,Amazon,Utilities,Approved,BR105
e103998,2026-06-30,Chennai,C96623,Amex,Travel,Male,9724.32,NetBanking,Zomato,Fuel,Declined,BR110
e103999,2026-02-03,Delhi,C61164,Visa,Travel,Female,12598.56,Credit,Zomato,E-commerce,Approved,BR131
e104000,2026-05-09,Hyderabad,C93065,Amex,Shopping,Female,24653.76,NetBanking,IOCL,Travel,Approved,BR122
e104001,2026-01-25,Pune,C91481,Amex,Fuel,Female,16176.04,NetBanking,DMart,Retail,Declined,BR115
e104002,2026-02-13,Vizag,C72051,Visa,Travel,Male,1828.24,UPI,IRCTC,Food,Declined,BR111
e104003,2026-01-15,Mumbai,C54440,Amex,Dining,Male,17162.33,NetBanking,Swiggy,Retail,Approved,BR113
e104004,2026-02-15,Vizag,C11428,Visa,Utilities,Male,6553.26,Credit,Swiggy,Travel,Declined,BR114
e104005,2026-04-15,Vizag,C96830,MasterCard,Utilities,Female,4039.17,UPI,HPCL,Travel,Declined,BR139
e104006,2026-05-23,Chennai,C57288,RuPay,Fuel,Female,5610.48,NetBanking,HPCL,Travel,Approved,BR135
e104007,2026-01-30,Delhi,C70072,MasterCard,Fuel,Male,4581.59,UPI,IRCTC,Travel,Declined,BR121
e104008,2026-02-08,Pune,C24577,MasterCard,Fuel,Male,2486.99,NetBanking,IRCTC,Fuel,Declined,BR118
e104009,2026-03-28,Hyderabad,C41018,MasterCard,Utilities,Female,17653.33,UPI,IRCTC,Food,Approved,BR145
e104010,2026-04-19,Mumbai,C84661,Amex,Dining,Male,24636.99,NetBanking,IRCTC,Retail,Declined,BR113
e104011,2026-02-16,Pune,C78255,RuPay,Shopping,Male,1759.8,Credit,Zomato,E-commerce,Declined,BR129
e104012,2026-02-16,Hyderabad,C64307,Visa,Shopping,Female,18004.75,NetBanking,Reliance,Fuel,Approved,BR127
e104013,2026-06-14,Hyderabad,C99891,Visa,Travel,Female,561.82,UPI,Amazon,E-commerce,Approved,BR146
e104014,2026-06-06,Mumbai,C64916,RuPay,Dining,Female,7523.02,Credit,IOCL,Fuel,Approved,BR148
e104015,2026-03-10,Delhi,C10420,Amex,Fuel,Female,9300.02,UPI,Zomato,Retail,Approved,BR102
e104016,2026-01-20,Pune,C74746,Visa,Utilities,Female,4498.72,NetBanking,DMart,E-commerce,Approved,BR149
e104017,2026-05-27,Hyderabad,C66043,Amex,Travel,Male,7327.18,NetBanking,Reliance,Food,Declined,BR106
e104018,2026-03-30,Kolkata,C95544,RuPay,Dining,Female,5159.22,Credit,Swiggy,E-commerce,Approved,BR107
e104019,2026-05-01,Delhi,C82727,Amex,Groceries,Male,8377.67,Credit,Swiggy,Utilities,Declined,BR119
e104020,2026-01-25,Hyderabad,C55046,MasterCard,Utilities,Male,11946.8,UPI,Zomato,Travel,Declined,BR101
e104021,2026-02-21,Chennai,C70879,MasterCard,Travel,Male,777.46,NetBanking,Amazon,Food,Approved,BR150
e104022,2026-02-17,Vizag,C28706,Visa,Shopping,Female,4337.0,NetBanking,Amazon,E-commerce,Approved,BR139
e104023,2026-04-14,Mumbai,C59846,Visa,Shopping,Male,20145.32,NetBanking,Amazon,Food,Approved,BR132
e104024,2026-06-19,Hyderabad,C53282,MasterCard,Utilities,Female,24286.04,UPI,IOCL,Utilities,Approved,BR107
e104025,2026-06-16,Vizag,C99326,MasterCard,Dining,Male,4862.41,NetBanking,Amazon,Food,Approved,BR109
e104026,2026-05-14,Delhi,C32467,RuPay,Groceries,Male,3141.95,UPI,IRCTC,Travel,Approved,BR132
e104027,2026-05-15,Kolkata,C25141,Amex,Groceries,Female,10152.75,Credit,DMart,Food,Approved,BR107
e104028,2026-05-27,Delhi,C78943,MasterCard,Shopping,Male,16379.33,UPI,IRCTC,Fuel,Approved,BR103
e104029,2026-05-13,Delhi,C97228,Amex,Groceries,Male,13053.52,UPI,Zomato,Fuel,Declined,BR133
e104030,2026-06-06,Pune,C58112,Visa,Fuel,Male,19386.31,NetBanking,Reliance,Utilities,Approved,BR145
e104031,2026-01-10,Mumbai,C72959,Visa,Dining,Female,16042.99,UPI,HPCL,Travel,Declined,BR146
e104032,2026-01-25,Kolkata,C90301,Visa,Fuel,Female,17866.87,NetBanking,Swiggy,Food,Approved,BR113
e104033,2026-03-10,Chennai,C22552,Amex,Dining,Male,4432.32,NetBanking,Zomato,Retail,Approved,BR104
e104034,2026-03-22,Vizag,C96677,RuPay,Travel,Female,14537.41,Credit,IOCL,Travel,Declined,BR112
e104035,2026-04-27,Vizag,C64076,Amex,Shopping,Female,6770.76,Credit,Swiggy,Retail,Approved,BR125
e104036,2026-05-03,Vizag,C42303,Visa,Shopping,Female,9670.99,UPI,DMart,E-commerce,Approved,BR124
e104037,2026-03-26,Delhi,C87238,RuPay,Dining,Male,19517.58,NetBanking,DMart,Travel,Declined,BR122
e104038,2026-06-01,Chennai,C81366,MasterCard,Dining,Female,23263.25,NetBanking,Swiggy,Fuel,Declined,BR135
e104039,2026-02-06,Hyderabad,C98775,Visa,Shopping,Male,7031.31,Credit,DMart,Food,Approved,BR112
e104040,2026-02-17,Mumbai,C56805,Amex,Dining,Male,3940.71,NetBanking,Amazon,Utilities,Declined,BR119
e104041,2026-02-03,Mumbai,C44430,RuPay,Shopping,Female,4983.83,NetBanking,IOCL,Fuel,Approved,BR107
e104042,2026-02-25,Hyderabad,C69361,Visa,Travel,Female,8860.38,Credit,HPCL,E-commerce,Approved,BR149
e104043,2026-01-17,Delhi,C28950,Amex,Travel,Male,7049.57,Credit,Amazon,Travel,Approved,BR120
e104044,2026-01-02,Delhi,C65962,Visa,Groceries,Female,7081.13,NetBanking,DMart,Food,Approved,BR141
e104045,2026-04-19,Vizag,C39320,MasterCard,Utilities,Male,9763.65,NetBanking,IRCTC,Retail,Approved,BR104
e104046,2026-06-16,Mumbai,C94773,Amex,Utilities,Male,13742.46,Credit,Amazon,Travel,Declined,BR135
e104047,2026-04-27,Vizag,C24544,RuPay,Utilities,Female,6946.03,UPI,IRCTC,Food,Declined,BR134
e104048,2026-04-03,Pune,C89277,RuPay,Groceries,Female,11922.36,Credit,DMart,E-commerce,Declined,BR102
e104049,2026-03-11,Kolkata,C34221,Amex,Dining,Male,22744.23,UPI,Reliance,Utilities,Approved,BR133
e104050,2026-06-21,Chennai,C88907,Visa,Utilities,Female,17003.79,UPI,Reliance,Retail,Declined,BR128
e104051,2026-01-08,Hyderabad,C68640,MasterCard,Fuel,Male,15166.54,NetBanking,Swiggy,Fuel,Declined,BR109
e104052,2026-06-08,Bengaluru,C80559,Amex,Dining,Male,20587.08,UPI,HPCL,Travel,Declined,BR129
e104053,2026-06-09,Mumbai,C70762,Visa,Travel,Male,19804.49,Credit,IOCL,Retail,Approved,BR132
e104054,2026-06-19,Delhi,C89637,Amex,Fuel,Female,3196.68,NetBanking,Zomato,Utilities,Declined,BR103
e104055,2026-04-30,Delhi,C15797,MasterCard,Utilities,Female,2372.38,Credit,HPCL,Utilities,Approved,BR137
e104056,2026-02-19,Bengaluru,C94151,Visa,Travel,Female,22371.82,NetBanking,Swiggy,Retail,Approved,BR117
e104057,2026-05-22,Pune,C90407,Visa,Utilities,Female,15494.56,Credit,IRCTC,Food,Declined,BR147
e104058,2026-06-11,Hyderabad,C53168,Visa,Fuel,Male,3706.69,NetBanking,IOCL,Fuel,Declined,BR141
e104059,2026-01-19,Hyderabad,C14134,RuPay,Shopping,Female,3887.17,Credit,Zomato,E-commerce,Declined,BR137
e104060,2026-02-11,Pune,C67330,Amex,Travel,Female,18093.81,NetBanking,Amazon,Utilities,Declined,BR113
e104061,2026-06-03,Vizag,C60046,Amex,Groceries,Female,23348.32,Credit,HPCL,Fuel,Approved,BR146
e104062,2026-02-22,Chennai,C94761,RuPay,Shopping,Female,6261.25,UPI,HPCL,Food,Declined,BR146
e104063,2026-05-06,Hyderabad,C40954,Visa,Fuel,Female,2820.77,Credit,Swiggy,Fuel,Declined,BR115
e104064,2026-05-11,Bengaluru,C73414,RuPay,Shopping,Female,19516.07,Credit,IOCL,Travel,Approved,BR101
e104065,2026-01-07,Hyderabad,C16440,MasterCard,Groceries,Male,13651.17,Credit,Swiggy,Travel,Declined,BR149
e104066,2026-05-06,Vizag,C99418,MasterCard,Groceries,Male,19184.46,Credit,IOCL,Food,Declined,BR128
e104067,2026-01-26,Pune,C74566,MasterCard,Dining,Male,24299.49,UPI,IRCTC,Retail,Declined,BR149
e104068,2026-03-02,Delhi,C58876,Visa,Fuel,Male,16607.0,UPI,IOCL,Utilities,Approved,BR107
e104069,2026-02-21,Hyderabad,C75737,Visa,Dining,Male,14496.35,NetBanking,IOCL,Utilities,Declined,BR121
e104070,2026-02-02,Hyderabad,C99846,MasterCard,Dining,Female,24693.55,NetBanking,HPCL,E-commerce,Approved,BR114
e104071,2026-02-18,Pune,C52841,Visa,Dining,Male,13522.97,UPI,Amazon,Utilities,Declined,BR105
e104072,2026-03-29,Chennai,C33549,Amex,Utilities,Male,5449.91,UPI,DMart,Fuel,Approved,BR105
e104073,2026-06-05,Hyderabad,C90332,Visa,Groceries,Male,8990.92,UPI,IOCL,Utilities,Declined,BR112
e104074,2026-05-16,Kolkata,C64619,MasterCard,Groceries,Female,12557.01,UPI,Zomato,Food,Declined,BR119
e104075,2026-03-23,Kolkata,C79570,RuPay,Groceries,Female,14268.26,Credit,Amazon,Food,Approved,BR130
e104076,2026-05-17,Chennai,C99781,MasterCard,Travel,Female,4856.4,NetBanking,DMart,Fuel,Approved,BR120
e104077,2026-05-08,Delhi,C81040,MasterCard,Groceries,Female,12279.73,Credit,IOCL,Food,Declined,BR120
e104078,2026-01-25,Vizag,C65781,Amex,Utilities,Female,6221.61,Credit,HPCL,Food,Declined,BR115
e104079,2026-02-08,Mumbai,C98113,Amex,Utilities,Female,3807.16,NetBanking,IRCTC,Utilities,Declined,BR117
e104080,2026-06-10,Delhi,C23747,Amex,Groceries,Male,987.88,NetBanking,IOCL,Food,Approved,BR116
e104081,2026-05-07,Kolkata,C51863,MasterCard,Shopping,Male,4132.21,UPI,Reliance,Utilities,Approved,BR101
e104082,2026-03-06,Pune,C82918,RuPay,Utilities,Male,1937.97,NetBanking,IOCL,Travel,Declined,BR141
e104083,2026-03-16,Delhi,C15208,Amex,Fuel,Male,12555.6,Credit,IRCTC,Utilities,Approved,BR146
e104084,2026-03-03,Chennai,C48618,RuPay,Groceries,Male,895.62,UPI,IOCL,Travel,Approved,BR112
e104085,2026-03-18,Bengaluru,C53371,Amex,Travel,Female,9128.18,Credit,Amazon,Food,Approved,BR125
e104086,2026-02-20,Hyderabad,C25392,MasterCard,Groceries,Male,22043.07,UPI,Swiggy,Travel,Declined,BR108
e104087,2026-01-12,Hyderabad,C71707,MasterCard,Groceries,Male,19114.47,Credit,Swiggy,Utilities,Declined,BR143
e104088,2026-06-07,Chennai,C60808,Amex,Groceries,Female,24943.34,NetBanking,IRCTC,E-commerce,Approved,BR118
e104089,2026-02-16,Kolkata,C85735,Visa,Shopping,Male,10949.5,Credit,Reliance,Utilities,Declined,BR111
e104090,2026-03-02,Chennai,C81246,Amex,Travel,Male,4054.75,Credit,IOCL,Fuel,Approved,BR108
e104091,2026-01-23,Mumbai,C91492,Visa,Fuel,Female,5463.46,NetBanking,HPCL,Travel,Approved,BR134
e104092,2026-03-13,Mumbai,C48746,Visa,Utilities,Female,13112.37,UPI,IOCL,E-commerce,Approved,BR121
e104093,2026-03-26,Pune,C78096,Visa,Fuel,Male,14009.85,UPI,IRCTC,Retail,Declined,BR145
e104094,2026-01-06,Kolkata,C46569,Amex,Utilities,Female,6214.01,Credit,IRCTC,Fuel,Approved,BR141
e104095,2026-05-29,Kolkata,C12535,MasterCard,Fuel,Male,7128.28,UPI,Reliance,E-commerce,Declined,BR108
e104096,2026-04-04,Hyderabad,C95308,Visa,Travel,Male,22572.86,UPI,Amazon,E-commerce,Approved,BR120
e104097,2026-04-26,Vizag,C49217,Amex,Groceries,Female,4784.41,UPI,Reliance,Retail,Approved,BR118
e104098,2026-04-21,Vizag,C91035,Amex,Groceries,Male,712.66,UPI,IRCTC,Travel,Approved,BR117
e104099,2026-01-02,Pune,C17843,RuPay,Travel,Male,21382.67,Credit,Zomato,Travel,Approved,BR106
e104100,2026-03-18,Kolkata,C89475,Amex,Travel,Male,13241.64,UPI,DMart,E-commerce,Declined,BR149
e104101,2026-06-07,Hyderabad,C67459,Amex,Fuel,Male,4812.09,Credit,IRCTC,Utilities,Declined,BR149
e104102,2026-03-05,Delhi,C70081,MasterCard,Travel,Female,4301.87,Credit,Swiggy,Travel,Declined,BR148
e104103,2026-03-18,Kolkata,C96956,Visa,Travel,Female,3244.18,NetBanking,HPCL,Food,Declined,BR137
e104104,2026-04-24,Delhi,C36675,Amex,Groceries,Male,14424.07,UPI,Reliance,Fuel,Declined,BR106
e104105,2026-05-03,Pune,C67561,RuPay,Fuel,Female,12132.1,NetBanking,DMart,Utilities,Approved,BR117
e104106,2026-04-27,Hyderabad,C86170,Visa,Fuel,Male,24080.46,NetBanking,Zomato,Travel,Declined,BR132
e104107,2026-03-05,Bengaluru,C35667,Visa,Groceries,Female,4470.33,UPI,Amazon,Food,Approved,BR136
e104108,2026-03-21,Hyderabad,C12695,MasterCard,Shopping,Female,1500.27,Credit,Reliance,Food,Approved,BR130
e104109,2026-06-11,Vizag,C55490,RuPay,Groceries,Female,17642.25,UPI,Reliance,Food,Declined,BR114
e104110,2026-03-04,Bengaluru,C74801,MasterCard,Dining,Male,6909.92,UPI,HPCL,Fuel,Approved,BR124
e104111,2026-03-26,Delhi,C15716,RuPay,Shopping,Female,15559.77,NetBanking,Amazon,Retail,Declined,BR114
e104112,2026-01-01,Delhi,C55013,Visa,Dining,Female,9027.69,NetBanking,DMart,E-commerce,Declined,BR102
e104113,2026-01-04,Bengaluru,C15340,MasterCard,Shopping,Female,24942.15,Credit,Reliance,E-commerce,Declined,BR117
e104114,2026-01-01,Vizag,C72098,Amex,Travel,Female,11402.71,NetBanking,Zomato,Retail,Declined,BR112
e104115,2026-01-09,Chennai,C56584,Amex,Dining,Female,17600.75,UPI,Zomato,Travel,Declined,BR112
e104116,2026-03-08,Hyderabad,C49724,Amex,Fuel,Female,15846.35,Credit,Swiggy,E-commerce,Approved,BR143
e104117,2026-06-18,Chennai,C11170,MasterCard,Utilities,Female,17296.7,NetBanking,Zomato,Fuel,Approved,BR135
e104118,2026-01-16,Pune,C12243,MasterCard,Travel,Female,24256.33,Credit,DMart,Utilities,Declined,BR110
e104119,2026-05-30,Pune,C35078,RuPay,Groceries,Female,22724.67,UPI,Amazon,Fuel,Declined,BR147
e104120,2026-06-16,Chennai,C12652,Visa,Dining,Female,4912.87,NetBanking,IRCTC,Travel,Approved,BR142
e104121,2026-04-14,Delhi,C54725,Visa,Groceries,Female,2184.71,Credit,Zomato,Retail,Declined,BR117
e104122,2026-01-19,Delhi,C43315,Visa,Travel,Male,1564.73,UPI,HPCL,Utilities,Declined,BR117
e104123,2026-06-03,Chennai,C87297,RuPay,Groceries,Male,17052.54,Credit,Swiggy,E-commerce,Approved,BR134
e104124,2026-04-08,Pune,C17103,RuPay,Shopping,Male,8107.55,Credit,IOCL,Utilities,Approved,BR132
e104125,2026-01-10,Kolkata,C73371,Amex,Shopping,Male,4571.73,NetBanking,HPCL,Travel,Declined,BR112
e104126,2026-01-10,Vizag,C22873,Amex,Shopping,Male,15833.49,Credit,Reliance,Food,Declined,BR121
e104127,2026-02-24,Delhi,C45567,MasterCard,Travel,Female,5959.67,NetBanking,Zomato,Retail,Approved,BR101
e104128,2026-03-12,Mumbai,C15173,RuPay,Shopping,Female,7468.16,UPI,Swiggy,Fuel,Approved,BR109
e104129,2026-06-04,Kolkata,C46435,RuPay,Shopping,Male,7787.11,UPI,HPCL,E-commerce,Declined,BR143
e104130,2026-05-28,Kolkata,C14141,MasterCard,Groceries,Male,17032.37,Credit,DMart,Fuel,Declined,BR139
e104131,2026-03-03,Chennai,C81404,Amex,Dining,Female,13716.41,NetBanking,Amazon,Utilities,Approved,BR117
e104132,2026-04-13,Mumbai,C50391,RuPay,Dining,Male,4511.97,Credit,Reliance,Retail,Declined,BR128
e104133,2026-01-31,Pune,C61088,Visa,Shopping,Male,8770.79,UPI,Zomato,Utilities,Approved,BR110
e104134,2026-04-02,Chennai,C81275,Amex,Shopping,Male,6734.87,Credit,Reliance,Food,Declined,BR117
e104135,2026-04-14,Mumbai,C19646,MasterCard,Groceries,Female,149.36,NetBanking,DMart,Travel,Declined,BR127
e104136,2026-06-01,Pune,C71880,MasterCard,Utilities,Female,19967.58,UPI,Amazon,Travel,Declined,BR126
e104137,2026-06-11,Hyderabad,C28076,Visa,Travel,Female,11078.87,NetBanking,HPCL,Travel,Approved,BR107
e104138,2026-04-20,Bengaluru,C60425,Visa,Travel,Male,6028.83,UPI,Zomato,Travel,Approved,BR102
e104139,2026-01-26,Mumbai,C81087,Visa,Utilities,Female,7794.98,NetBanking,Reliance,Utilities,Approved,BR149
e104140,2026-01-15,Hyderabad,C16941,Visa,Dining,Male,12991.28,UPI,IOCL,Fuel,Declined,BR134
e104141,2026-03-10,Delhi,C14683,MasterCard,Utilities,Female,2867.66,NetBanking,IRCTC,Retail,Approved,BR147
e104142,2026-02-23,Vizag,C24140,MasterCard,Travel,Male,10927.53,NetBanking,Reliance,Retail,Declined,BR101
e104143,2026-06-20,Chennai,C65639,Visa,Dining,Female,5008.82,UPI,DMart,E-commerce,Approved,BR129
e104144,2026-05-26,Hyderabad,C24232,RuPay,Shopping,Male,13996.98,NetBanking,IOCL,E-commerce,Declined,BR127
e104145,2026-04-10,Kolkata,C23264,MasterCard,Dining,Female,18644.27,UPI,DMart,Utilities,Approved,BR106
e104146,2026-06-08,Bengaluru,C28075,Amex,Shopping,Male,20946.45,Credit,IOCL,Travel,Approved,BR122
e104147,2026-02-05,Delhi,C50386,MasterCard,Shopping,Female,2342.91,NetBanking,DMart,Travel,Declined,BR126
e104148,2026-03-07,Mumbai,C90739,RuPay,Travel,Female,8822.37,Credit,Zomato,Utilities,Approved,BR103
e104149,2026-04-16,Kolkata,C59145,Visa,Dining,Female,2847.32,NetBanking,Zomato,Food,Approved,BR115
e104150,2026-03-09,Pune,C51130,MasterCard,Shopping,Female,4737.81,Credit,Swiggy,Utilities,Approved,BR146
e104151,2026-02-26,Delhi,C62428,Visa,Fuel,Female,15584.8,Credit,DMart,Fuel,Declined,BR150
e104152,2026-01-30,Pune,C46792,MasterCard,Utilities,Female,2816.38,UPI,Amazon,Utilities,Approved,BR148
e104153,2026-06-08,Delhi,C77307,RuPay,Dining,Female,19429.7,UPI,Reliance,Fuel,Approved,BR134
e104154,2026-03-04,Delhi,C59006,MasterCard,Groceries,Female,4746.23,Credit,Reliance,Fuel,Approved,BR114
e104155,2026-05-08,Hyderabad,C45638,MasterCard,Fuel,Male,15077.14,Credit,HPCL,Retail,Approved,BR117
e104156,2026-06-16,Bengaluru,C86890,MasterCard,Shopping,Female,9115.83,Credit,HPCL,Retail,Approved,BR106
e104157,2026-03-07,Bengaluru,C41373,MasterCard,Travel,Male,20847.0,Credit,Reliance,Food,Approved,BR118
e104158,2026-06-09,Chennai,C49165,RuPay,Groceries,Female,1410.04,Credit,DMart,Travel,Approved,BR122
e104159,2026-01-19,Hyderabad,C28938,MasterCard,Fuel,Male,1040.21,NetBanking,HPCL,Retail,Declined,BR104
e104160,2026-06-01,Vizag,C99539,Visa,Utilities,Female,7999.99,NetBanking,Zomato,Food,Declined,BR120
e104161,2026-01-20,Vizag,C78306,Amex,Shopping,Female,1280.03,Credit,IOCL,E-commerce,Declined,BR116
e104162,2026-01-21,Delhi,C48036,Visa,Fuel,Female,5283.84,Credit,IOCL,Utilities,Approved,BR128
e104163,2026-01-25,Chennai,C17942,MasterCard,Shopping,Male,7957.44,NetBanking,IRCTC,E-commerce,Approved,BR102
e104164,2026-01-04,Bengaluru,C79377,Visa,Utilities,Male,22995.69,NetBanking,Reliance,E-commerce,Approved,BR114
e104165,2026-01-10,Vizag,C86124,RuPay,Shopping,Male,21153.42,UPI,Amazon,Food,Approved,BR104
e104166,2026-02-03,Mumbai,C74064,Amex,Shopping,Male,24894.93,Credit,Swiggy,Food,Approved,BR115
e104167,2026-01-05,Mumbai,C33305,Amex,Shopping,Female,4957.1,Credit,Zomato,E-commerce,Approved,BR102
e104168,2026-06-21,Hyderabad,C62911,RuPay,Dining,Female,21170.22,Credit,Amazon,Food,Declined,BR132
e104169,2026-02-05,Vizag,C25798,Amex,Shopping,Female,4463.41,Credit,HPCL,Utilities,Declined,BR117
e104170,2026-01-05,Kolkata,C49054,RuPay,Dining,Female,10193.31,UPI,IOCL,Food,Declined,BR121
e104171,2026-01-02,Kolkata,C16464,Visa,Shopping,Female,17634.77,Credit,IRCTC,Fuel,Approved,BR139
e104172,2026-05-06,Delhi,C67293,Visa,Dining,Female,2721.55,UPI,DMart,Fuel,Declined,BR129
e104173,2026-02-02,Pune,C69132,Visa,Utilities,Female,23183.23,NetBanking,Swiggy,E-commerce,Approved,BR145
e104174,2026-05-14,Chennai,C88503,Visa,Travel,Female,11460.38,Credit,Zomato,Utilities,Declined,BR134
e104175,2026-03-31,Bengaluru,C71898,MasterCard,Utilities,Female,16523.98,NetBanking,IRCTC,Retail,Approved,BR104
e104176,2026-05-08,Vizag,C26692,Visa,Utilities,Female,19252.38,NetBanking,HPCL,Food,Declined,BR102
e104177,2026-04-26,Kolkata,C92974,RuPay,Travel,Female,8382.08,UPI,Amazon,Fuel,Declined,BR115
e104178,2026-06-30,Hyderabad,C83666,Visa,Shopping,Male,5196.75,Credit,HPCL,Food,Approved,BR129
e104179,2026-01-12,Hyderabad,C46843,Amex,Groceries,Male,4891.56,UPI,Swiggy,Fuel,Approved,BR144
e104180,2026-04-30,Kolkata,C85821,Amex,Dining,Female,9947.61,Credit,Zomato,Retail,Declined,BR131
e104181,2026-01-27,Mumbai,C57027,RuPay,Travel,Female,11795.31,NetBanking,Amazon,Food,Approved,BR128
e104182,2026-01-16,Kolkata,C46581,Amex,Utilities,Male,22719.91,NetBanking,DMart,Utilities,Declined,BR120
e104183,2026-04-01,Pune,C40280,Visa,Dining,Female,21206.78,UPI,Reliance,Food,Declined,BR115
e104184,2026-01-10,Vizag,C94897,MasterCard,Travel,Male,10474.83,NetBanking,IRCTC,E-commerce,Approved,BR106
e104185,2026-02-15,Chennai,C20692,MasterCard,Dining,Female,7826.3,Credit,Amazon,Travel,Approved,BR129
e104186,2026-05-28,Chennai,C50743,Amex,Fuel,Male,15350.73,UPI,Zomato,Fuel,Approved,BR107
e104187,2026-02-21,Delhi,C14770,MasterCard,Shopping,Male,9571.58,NetBanking,Swiggy,Food,Approved,BR124
e104188,2026-06-22,Bengaluru,C23652,Amex,Shopping,Male,11351.14,UPI,Zomato,Fuel,Declined,BR104
e104189,2026-02-20,Vizag,C83368,Visa,Travel,Male,4074.96,NetBanking,IOCL,Travel,Declined,BR123
e104190,2026-05-27,Kolkata,C31020,RuPay,Travel,Female,6401.38,UPI,Zomato,Utilities,Declined,BR109
e104191,2026-03-15,Vizag,C73623,RuPay,Travel,Male,13227.12,Credit,IOCL,E-commerce,Declined,BR137
e104192,2026-01-12,Delhi,C49918,RuPay,Utilities,Male,4070.48,NetBanking,DMart,Travel,Declined,BR110
e104193,2026-03-28,Hyderabad,C39440,Visa,Shopping,Male,21197.94,NetBanking,IRCTC,Retail,Approved,BR133
e104194,2026-06-27,Vizag,C23219,Visa,Travel,Male,24848.49,NetBanking,Amazon,Fuel,Declined,BR124
e104195,2026-06-10,Hyderabad,C36821,MasterCard,Fuel,Female,11830.95,NetBanking,Reliance,Fuel,Approved,BR103
e104196,2026-02-01,Hyderabad,C99638,RuPay,Travel,Female,6527.64,UPI,HPCL,E-commerce,Declined,BR121
e104197,2026-01-25,Delhi,C67698,RuPay,Groceries,Female,18029.7,NetBanking,IOCL,Utilities,Approved,BR146
e104198,2026-05-23,Hyderabad,C16448,Visa,Utilities,Male,16118.67,Credit,Zomato,Food,Declined,BR119
e104199,2026-06-11,Bengaluru,C40645,Amex,Shopping,Female,10308.75,Credit,Zomato,Travel,Declined,BR149
e104200,2026-01-05,Delhi,C21974,Visa,Utilities,Male,4631.61,UPI,HPCL,Utilities,Declined,BR129
e104201,2026-06-11,Vizag,C33920,Amex,Utilities,Male,11276.14,Credit,IOCL,Retail,Declined,BR111
e104202,2026-06-04,Vizag,C33551,RuPay,Dining,Male,15782.08,UPI,DMart,Fuel,Declined,BR125
e104203,2026-01-04,Vizag,C71585,MasterCard,Dining,Female,19411.59,Credit,DMart,Fuel,Declined,BR141
e104204,2026-04-10,Hyderabad,C58778,Amex,Dining,Male,7946.87,UPI,Amazon,E-commerce,Declined,BR103
e104205,2026-02-11,Kolkata,C78199,Amex,Travel,Female,14147.0,Credit,IRCTC,Fuel,Declined,BR140
e104206,2026-03-04,Hyderabad,C22831,Amex,Groceries,Male,6948.28,UPI,IOCL,Food,Approved,BR146
e104207,2026-05-16,Mumbai,C71391,Visa,Travel,Male,894.99,Credit,Zomato,E-commerce,Declined,BR129
e104208,2026-05-10,Hyderabad,C47752,Amex,Groceries,Female,15890.05,NetBanking,DMart,E-commerce,Approved,BR107
e104209,2026-04-24,Kolkata,C67100,MasterCard,Groceries,Male,1678.05,Credit,DMart,Utilities,Declined,BR141
e104210,2026-03-20,Kolkata,C25612,RuPay,Travel,Female,22803.86,Credit,HPCL,Retail,Approved,BR101
e104211,2026-01-26,Kolkata,C78329,Visa,Utilities,Male,18466.61,NetBanking,IRCTC,Utilities,Declined,BR135
e104212,2026-04-21,Delhi,C71200,Amex,Groceries,Female,467.07,Credit,Reliance,Retail,Approved,BR131
e104213,2026-05-14,Bengaluru,C31161,Visa,Utilities,Male,11823.46,UPI,DMart,Food,Approved,BR136
e104214,2026-02-24,Bengaluru,C93230,MasterCard,Groceries,Female,5880.28,Credit,IRCTC,Fuel,Declined,BR119
e104215,2026-05-26,Delhi,C91670,RuPay,Shopping,Male,5811.13,Credit,Swiggy,Fuel,Approved,BR105
e104216,2026-02-12,Vizag,C20249,MasterCard,Shopping,Female,13690.58,UPI,DMart,Utilities,Declined,BR119
e104217,2026-01-11,Hyderabad,C93660,Amex,Dining,Female,2932.41,NetBanking,IRCTC,Retail,Declined,BR132
e104218,2026-02-20,Hyderabad,C80422,RuPay,Fuel,Female,16095.26,Credit,HPCL,Food,Approved,BR129
e104219,2026-01-11,Chennai,C89432,RuPay,Shopping,Male,12398.3,NetBanking,IOCL,Travel,Declined,BR104
e104220,2026-04-26,Delhi,C32622,Amex,Groceries,Female,13111.66,Credit,DMart,Food,Declined,BR128
e104221,2026-05-25,Kolkata,C70717,RuPay,Travel,Female,21300.78,NetBanking,Zomato,Food,Approved,BR146
e104222,2026-02-01,Pune,C31014,Amex,Groceries,Male,19497.81,UPI,Reliance,Travel,Approved,BR111
e104223,2026-05-27,Delhi,C27080,Visa,Travel,Male,12844.8,UPI,IRCTC,Fuel,Declined,BR127
e104224,2026-06-16,Kolkata,C18962,MasterCard,Travel,Female,12860.67,UPI,Swiggy,Retail,Approved,BR105
e104225,2026-03-20,Chennai,C68457,Amex,Utilities,Male,22380.68,NetBanking,Reliance,Food,Declined,BR122
e104226,2026-01-05,Pune,C35114,Amex,Travel,Male,2070.14,Credit,DMart,Food,Approved,BR134
e104227,2026-02-01,Delhi,C25317,RuPay,Utilities,Male,13899.11,Credit,Amazon,Fuel,Declined,BR108
e104228,2026-04-21,Chennai,C41751,Visa,Fuel,Male,12476.4,UPI,Reliance,Utilities,Approved,BR143
e104229,2026-04-04,Vizag,C67123,RuPay,Groceries,Male,11734.22,UPI,HPCL,Fuel,Declined,BR108
e104230,2026-03-25,Mumbai,C37593,MasterCard,Shopping,Male,9818.59,NetBanking,Reliance,Food,Approved,BR110
e104231,2026-06-12,Kolkata,C52476,RuPay,Utilities,Male,6190.55,UPI,HPCL,Utilities,Declined,BR114
e104232,2026-05-02,Pune,C11993,MasterCard,Travel,Male,14020.13,Credit,Reliance,Fuel,Approved,BR112
e104233,2026-02-14,Kolkata,C15436,Visa,Travel,Male,4641.65,UPI,HPCL,Utilities,Declined,BR109
e104234,2026-06-21,Pune,C88626,Visa,Dining,Female,7891.96,UPI,DMart,Food,Approved,BR115
e104235,2026-03-01,Delhi,C42663,MasterCard,Fuel,Female,17333.56,UPI,Reliance,Fuel,Declined,BR128
e104236,2026-03-26,Pune,C54985,Amex,Shopping,Female,6772.96,NetBanking,IOCL,Fuel,Approved,BR118
e104237,2026-02-24,Delhi,C56240,Visa,Shopping,Female,16942.31,NetBanking,HPCL,Retail,Approved,BR117
e104238,2026-04-08,Vizag,C68239,Amex,Shopping,Female,16942.65,Credit,Swiggy,Fuel,Declined,BR122
e104239,2026-02-16,Hyderabad,C74651,MasterCard,Utilities,Female,758.01,UPI,HPCL,Retail,Approved,BR118
e104240,2026-03-03,Hyderabad,C26095,MasterCard,Travel,Male,1851.16,UPI,DMart,Retail,Approved,BR140
e104241,2026-06-21,Bengaluru,C63395,RuPay,Dining,Male,4974.82,UPI,HPCL,Food,Approved,BR141
e104242,2026-04-05,Hyderabad,C63307,RuPay,Fuel,Female,6976.34,Credit,Zomato,Travel,Declined,BR148
e104243,2026-03-15,Vizag,C83949,RuPay,Groceries,Female,20397.32,NetBanking,DMart,E-commerce,Approved,BR129
e104244,2026-04-25,Bengaluru,C94129,Visa,Fuel,Male,4667.82,Credit,Swiggy,Utilities,Approved,BR129
e104245,2026-02-26,Kolkata,C17414,Visa,Utilities,Female,16559.45,UPI,IOCL,Fuel,Approved,BR134
e104246,2026-04-28,Kolkata,C44835,Visa,Fuel,Female,5323.76,Credit,Zomato,E-commerce,Declined,BR112
e104247,2026-05-02,Kolkata,C19606,Visa,Dining,Female,4790.97,UPI,Amazon,Food,Declined,BR114
e104248,2026-01-12,Mumbai,C59504,Amex,Groceries,Male,21757.21,Credit,IRCTC,Retail,Declined,BR101
e104249,2026-06-28,Delhi,C32522,RuPay,Shopping,Female,19758.8,NetBanking,Reliance,Utilities,Approved,BR107
e104250,2026-05-22,Mumbai,C57748,Visa,Dining,Male,7781.15,NetBanking,IRCTC,Travel,Approved,BR110
e104251,2026-02-19,Delhi,C46965,Amex,Dining,Female,1540.68,Credit,HPCL,Travel,Declined,BR116
e104252,2026-02-14,Mumbai,C64093,MasterCard,Fuel,Female,788.0,UPI,Amazon,Travel,Approved,BR122
e104253,2026-03-20,Pune,C11449,Amex,Travel,Female,14384.92,Credit,Swiggy,Travel,Declined,BR114
e104254,2026-02-18,Delhi,C51692,Amex,Fuel,Female,12839.59,Credit,Swiggy,Fuel,Approved,BR139
e104255,2026-06-01,Delhi,C18117,Amex,Utilities,Female,18656.96,NetBanking,IRCTC,Travel,Declined,BR123
e104256,2026-03-30,Vizag,C35279,RuPay,Shopping,Female,14017.61,UPI,Amazon,Food,Approved,BR111
e104257,2026-05-23,Kolkata,C47196,MasterCard,Travel,Female,9204.59,UPI,Swiggy,Food,Declined,BR118
e104258,2026-01-03,Mumbai,C58692,Amex,Dining,Female,2342.08,Credit,HPCL,Retail,Approved,BR139
e104259,2026-06-18,Kolkata,C73180,Amex,Dining,Female,11862.69,UPI,Reliance,Retail,Declined,BR109
e104260,2026-03-09,Mumbai,C40883,RuPay,Dining,Female,6622.1,UPI,IRCTC,Fuel,Declined,BR106
e104261,2026-04-22,Kolkata,C50143,MasterCard,Fuel,Male,14800.21,Credit,Swiggy,E-commerce,Approved,BR117
e104262,2026-03-25,Mumbai,C62341,RuPay,Dining,Male,22840.83,NetBanking,DMart,Food,Approved,BR138
e104263,2026-03-25,Kolkata,C22829,RuPay,Travel,Female,15310.08,Credit,Amazon,Food,Approved,BR149
e104264,2026-04-05,Hyderabad,C90947,MasterCard,Utilities,Female,21847.47,NetBanking,Zomato,Retail,Approved,BR122
e104265,2026-04-08,Bengaluru,C33230,Amex,Utilities,Female,17060.92,NetBanking,Reliance,E-commerce,Declined,BR105
e104266,2026-04-30,Vizag,C54280,Visa,Fuel,Female,16413.54,NetBanking,HPCL,Utilities,Declined,BR117
e104267,2026-01-03,Pune,C30424,Amex,Groceries,Female,7722.76,UPI,DMart,Food,Approved,BR134
e104268,2026-04-13,Chennai,C51640,RuPay,Travel,Female,6316.63,NetBanking,Amazon,Food,Approved,BR141
e104269,2026-05-08,Bengaluru,C89978,MasterCard,Utilities,Female,8841.26,Credit,Amazon,Food,Declined,BR145
e104270,2026-02-19,Kolkata,C51840,Visa,Dining,Male,20364.06,UPI,IRCTC,Food,Approved,BR141
e104271,2026-04-06,Pune,C93230,MasterCard,Groceries,Male,16214.35,UPI,IRCTC,Travel,Approved,BR109
e104272,2026-05-15,Vizag,C24582,Visa,Fuel,Female,9654.43,UPI,HPCL,E-commerce,Declined,BR142
e104273,2026-01-08,Mumbai,C11069,Amex,Shopping,Male,22220.93,Credit,DMart,Utilities,Approved,BR131
e104274,2026-01-15,Pune,C70788,Amex,Fuel,Male,15819.9,NetBanking,Zomato,E-commerce,Approved,BR149
e104275,2026-05-20,Delhi,C31178,Amex,Utilities,Female,13864.26,Credit,IRCTC,Retail,Declined,BR123
e104276,2026-01-02,Hyderabad,C83602,Amex,Shopping,Male,729.22,UPI,Swiggy,Food,Approved,BR142
e104277,2026-04-09,Mumbai,C30830,RuPay,Travel,Female,15391.93,NetBanking,Amazon,Fuel,Declined,BR102
e104278,2026-03-05,Mumbai,C52279,Amex,Dining,Male,16655.76,Credit,Amazon,Fuel,Declined,BR127
e104279,2026-02-19,Bengaluru,C78142,Amex,Dining,Female,3812.23,UPI,Swiggy,Utilities,Declined,BR118
e104280,2026-06-04,Bengaluru,C29234,RuPay,Travel,Female,23482.23,NetBanking,IOCL,Travel,Declined,BR105
e104281,2026-02-15,Pune,C90146,Amex,Groceries,Female,18191.16,UPI,IOCL,Retail,Declined,BR103
e104282,2026-05-21,Kolkata,C52477,MasterCard,Dining,Female,3166.88,NetBanking,Zomato,Travel,Declined,BR148
e104283,2026-01-10,Chennai,C36970,Visa,Groceries,Male,20633.59,NetBanking,HPCL,Travel,Declined,BR134
e104284,2026-01-19,Chennai,C84706,Amex,Utilities,Female,5019.4,Credit,Reliance,Food,Approved,BR135
e104285,2026-04-03,Mumbai,C56765,Amex,Fuel,Male,7832.54,Credit,IRCTC,Food,Declined,BR126
e104286,2026-01-09,Bengaluru,C46982,Amex,Travel,Male,17433.13,NetBanking,IOCL,Retail,Declined,BR118
e104287,2026-05-26,Bengaluru,C76280,Visa,Groceries,Male,14034.64,Credit,DMart,E-commerce,Approved,BR113
e104288,2026-01-03,Pune,C49305,Amex,Travel,Female,4609.52,NetBanking,Zomato,Retail,Approved,BR101
e104289,2026-06-13,Kolkata,C39908,Visa,Fuel,Female,10136.84,UPI,Zomato,Food,Declined,BR118
e104290,2026-02-15,Hyderabad,C74643,Amex,Utilities,Male,24557.29,UPI,Amazon,Fuel,Declined,BR137
e104291,2026-01-31,Mumbai,C62145,Visa,Shopping,Male,6077.15,Credit,DMart,Travel,Approved,BR128
e104292,2026-06-16,Delhi,C93778,MasterCard,Utilities,Male,5374.73,NetBanking,Amazon,Fuel,Declined,BR147
e104293,2026-02-12,Delhi,C31224,Visa,Dining,Female,16650.1,UPI,HPCL,E-commerce,Approved,BR148
e104294,2026-03-20,Delhi,C95107,RuPay,Fuel,Female,20688.51,NetBanking,Zomato,Utilities,Declined,BR130
e104295,2026-06-04,Pune,C39193,Visa,Fuel,Male,4294.14,UPI,IOCL,Food,Declined,BR110
e104296,2026-06-16,Vizag,C62410,MasterCard,Dining,Female,23128.0,UPI,Zomato,Utilities,Declined,BR143
e104297,2026-03-22,Bengaluru,C45080,MasterCard,Dining,Male,6436.36,NetBanking,DMart,Food,Declined,BR138
e104298,2026-03-18,Pune,C86069,Amex,Fuel,Female,8788.23,UPI,Swiggy,Retail,Approved,BR133
e104299,2026-05-13,Mumbai,C78322,Amex,Shopping,Male,4522.84,NetBanking,Zomato,Utilities,Declined,BR139
e104300,2026-01-21,Delhi,C30543,MasterCard,Dining,Female,13689.73,UPI,IRCTC,Retail,Approved,BR118
e104301,2026-03-02,Kolkata,C95736,Visa,Fuel,Female,7877.83,UPI,Reliance,Fuel,Declined,BR111
e104302,2026-04-14,Pune,C46206,RuPay,Groceries,Female,8652.48,NetBanking,DMart,Food,Approved,BR109
e104303,2026-05-14,Vizag,C84023,Visa,Groceries,Male,7194.15,UPI,HPCL,E-commerce,Approved,BR101
e104304,2026-01-05,Bengaluru,C83729,Visa,Dining,Female,2033.64,Credit,Amazon,Food,Approved,BR104
e104305,2026-06-23,Pune,C95331,Amex,Fuel,Male,20768.5,UPI,HPCL,E-commerce,Approved,BR109
e104306,2026-03-08,Chennai,C36893,Amex,Groceries,Male,23240.41,Credit,Swiggy,Utilities,Declined,BR109
e104307,2026-05-31,Vizag,C21417,Amex,Utilities,Male,601.07,UPI,Reliance,Travel,Declined,BR124
e104308,2026-06-17,Kolkata,C75908,MasterCard,Utilities,Female,1487.29,UPI,Reliance,Food,Declined,BR124
e104309,2026-03-23,Vizag,C69301,MasterCard,Groceries,Male,17769.27,Credit,IOCL,Fuel,Approved,BR139
e104310,2026-04-03,Mumbai,C77613,RuPay,Groceries,Male,13215.75,UPI,Reliance,Utilities,Declined,BR107
e104311,2026-06-08,Pune,C95897,Visa,Shopping,Female,13384.81,NetBanking,IOCL,Travel,Declined,BR139
e104312,2026-02-01,Hyderabad,C40820,RuPay,Travel,Male,9736.4,UPI,Swiggy,Utilities,Declined,BR148
e104313,2026-04-30,Vizag,C39914,MasterCard,Utilities,Female,16428.8,Credit,HPCL,Fuel,Declined,BR120
e104314,2026-02-24,Delhi,C47452,RuPay,Travel,Male,5488.32,Credit,Swiggy,Fuel,Approved,BR127
e104315,2026-05-27,Delhi,C20163,Visa,Groceries,Male,23663.92,NetBanking,Zomato,Travel,Approved,BR110
e104316,2026-03-28,Delhi,C67182,Visa,Shopping,Female,10700.06,UPI,Reliance,Food,Approved,BR129
e104317,2026-06-04,Bengaluru,C29528,RuPay,Dining,Female,18332.87,Credit,Swiggy,Travel,Approved,BR150
e104318,2026-05-21,Mumbai,C14456,Amex,Fuel,Male,15979.9,UPI,Reliance,Utilities,Approved,BR150
e104319,2026-06-05,Bengaluru,C97385,RuPay,Shopping,Female,5818.53,NetBanking,Zomato,Retail,Declined,BR141
e104320,2026-05-19,Pune,C63858,Visa,Dining,Male,12270.15,NetBanking,IOCL,Travel,Approved,BR137
e104321,2026-01-26,Kolkata,C98234,Visa,Utilities,Female,7306.04,NetBanking,Reliance,Utilities,Approved,BR117
e104322,2026-04-14,Hyderabad,C30488,MasterCard,Utilities,Male,4375.84,UPI,Amazon,Utilities,Approved,BR120
e104323,2026-05-12,Kolkata,C65174,MasterCard,Fuel,Male,3570.3,NetBanking,HPCL,Fuel,Approved,BR120
e104324,2026-03-11,Delhi,C59510,Amex,Utilities,Male,1796.83,NetBanking,Zomato,Retail,Approved,BR119
e104325,2026-05-05,Chennai,C75961,RuPay,Groceries,Male,19031.53,NetBanking,HPCL,Fuel,Approved,BR150
e104326,2026-01-09,Mumbai,C42132,Amex,Groceries,Male,713.52,NetBanking,Amazon,Retail,Declined,BR125
e104327,2026-04-23,Pune,C49259,Visa,Travel,Female,608.74,UPI,HPCL,E-commerce,Approved,BR146
e104328,2026-04-08,Vizag,C50251,MasterCard,Groceries,Female,12242.21,UPI,DMart,Retail,Approved,BR148
e104329,2026-04-17,Mumbai,C49005,Visa,Travel,Female,16165.52,NetBanking,IOCL,Fuel,Approved,BR133
e104330,2026-04-01,Vizag,C21847,RuPay,Fuel,Female,10302.76,UPI,DMart,Travel,Declined,BR124
e104331,2026-04-14,Pune,C75655,Visa,Groceries,Male,4920.32,NetBanking,HPCL,Utilities,Approved,BR106
e104332,2026-06-05,Vizag,C78584,MasterCard,Utilities,Female,695.03,UPI,DMart,Fuel,Declined,BR142
e104333,2026-03-19,Chennai,C26610,Visa,Fuel,Male,12179.05,NetBanking,IOCL,E-commerce,Approved,BR131
e104334,2026-04-21,Vizag,C52439,Visa,Travel,Male,18042.59,UPI,HPCL,E-commerce,Declined,BR122
e104335,2026-04-17,Kolkata,C27739,RuPay,Groceries,Female,16029.42,UPI,DMart,Retail,Approved,BR148
e104336,2026-02-25,Chennai,C79769,Amex,Groceries,Female,23405.52,Credit,Swiggy,Utilities,Approved,BR117
e104337,2026-01-19,Chennai,C91112,RuPay,Shopping,Male,18575.83,Credit,IRCTC,Fuel,Approved,BR137
e104338,2026-04-26,Pune,C96696,RuPay,Fuel,Female,15162.83,UPI,HPCL,Fuel,Declined,BR123
e104339,2026-03-11,Hyderabad,C68587,MasterCard,Dining,Male,2854.77,UPI,IOCL,Utilities,Declined,BR138
e104340,2026-03-21,Hyderabad,C92275,RuPay,Shopping,Female,12273.1,UPI,DMart,Travel,Declined,BR126
e104341,2026-03-14,Pune,C25809,RuPay,Dining,Male,10249.09,Credit,DMart,Travel,Declined,BR127
e104342,2026-04-04,Pune,C68825,RuPay,Dining,Male,6986.85,NetBanking,HPCL,Fuel,Approved,BR127
e104343,2026-04-17,Bengaluru,C50396,Visa,Utilities,Female,18362.78,Credit,Reliance,Utilities,Declined,BR131
e104344,2026-01-12,Hyderabad,C17477,MasterCard,Dining,Male,21869.24,Credit,Reliance,Travel,Approved,BR120
e104345,2026-06-09,Kolkata,C80287,Amex,Fuel,Female,21367.77,Credit,DMart,Food,Approved,BR115
e104346,2026-05-13,Vizag,C94453,MasterCard,Shopping,Male,20490.98,NetBanking,Zomato,E-commerce,Approved,BR115
e104347,2026-01-02,Chennai,C17464,RuPay,Shopping,Male,2553.96,UPI,HPCL,Food,Approved,BR118
e104348,2026-03-04,Kolkata,C90178,Amex,Shopping,Female,20088.54,NetBanking,IRCTC,Retail,Approved,BR115
e104349,2026-01-21,Chennai,C17485,Visa,Fuel,Female,19480.91,NetBanking,HPCL,Food,Declined,BR116
e104350,2026-05-09,Vizag,C81589,RuPay,Groceries,Male,6272.98,Credit,HPCL,Utilities,Approved,BR134
e104351,2026-02-16,Bengaluru,C61264,MasterCard,Shopping,Female,10186.41,NetBanking,DMart,Food,Approved,BR140
e104352,2026-02-24,Mumbai,C50913,RuPay,Fuel,Male,8246.81,NetBanking,Zomato,Retail,Declined,BR129
e104353,2026-04-17,Mumbai,C35051,Visa,Fuel,Male,3059.47,Credit,IRCTC,Retail,Declined,BR126
e104354,2026-03-03,Pune,C78341,Amex,Shopping,Female,11211.72,Credit,Zomato,Fuel,Approved,BR102
e104355,2026-05-17,Hyderabad,C26709,Visa,Fuel,Female,343.18,NetBanking,Amazon,Fuel,Approved,BR139
e104356,2026-02-25,Vizag,C60412,Visa,Fuel,Male,20240.18,Credit,Swiggy,E-commerce,Declined,BR133
e104357,2026-05-29,Bengaluru,C15982,MasterCard,Dining,Male,22098.5,Credit,DMart,E-commerce,Declined,BR105
e104358,2026-03-10,Mumbai,C12112,RuPay,Utilities,Male,2439.32,NetBanking,Amazon,E-commerce,Approved,BR110
e104359,2026-04-06,Delhi,C50463,MasterCard,Dining,Male,3804.99,Credit,Zomato,Retail,Declined,BR140
e104360,2026-04-27,Hyderabad,C49010,MasterCard,Utilities,Female,10278.27,Credit,IRCTC,Fuel,Declined,BR130
e104361,2026-04-07,Mumbai,C34936,RuPay,Dining,Male,17289.63,UPI,IRCTC,Utilities,Declined,BR132
e104362,2026-03-09,Bengaluru,C35879,RuPay,Groceries,Female,161.26,UPI,DMart,Travel,Declined,BR122
e104363,2026-06-14,Vizag,C58261,MasterCard,Dining,Male,4659.4,UPI,HPCL,Retail,Declined,BR142
e104364,2026-06-21,Mumbai,C53068,RuPay,Utilities,Female,19638.9,Credit,IRCTC,Travel,Declined,BR110
e104365,2026-02-24,Hyderabad,C86649,Visa,Dining,Male,18195.45,NetBanking,Amazon,Retail,Declined,BR146
e104366,2026-03-23,Pune,C13795,Amex,Utilities,Female,2577.68,NetBanking,DMart,Retail,Approved,BR106
e104367,2026-01-24,Bengaluru,C65665,Visa,Shopping,Female,7550.17,UPI,IRCTC,Fuel,Declined,BR130
e104368,2026-02-23,Vizag,C36017,Amex,Fuel,Female,1757.97,Credit,Reliance,Food,Approved,BR124
e104369,2026-03-17,Pune,C91461,Amex,Shopping,Male,20938.76,Credit,Swiggy,Travel,Declined,BR149
e104370,2026-06-18,Delhi,C33677,Amex,Groceries,Female,20336.74,UPI,DMart,Fuel,Declined,BR109
e104371,2026-05-25,Chennai,C74642,Amex,Dining,Female,14614.77,Credit,Zomato,Fuel,Approved,BR128
e104372,2026-02-19,Chennai,C11953,RuPay,Shopping,Female,20838.53,NetBanking,HPCL,Retail,Approved,BR128
e104373,2026-06-11,Pune,C23137,Visa,Shopping,Female,6610.97,NetBanking,Amazon,Travel,Approved,BR142
e104374,2026-01-31,Bengaluru,C44757,MasterCard,Fuel,Male,22890.72,NetBanking,Swiggy,Food,Declined,BR127
e104375,2026-05-26,Hyderabad,C88334,Visa,Dining,Male,19242.09,Credit,IRCTC,E-commerce,Approved,BR136
e104376,2026-03-11,Hyderabad,C33960,RuPay,Shopping,Female,1442.1,NetBanking,DMart,Retail,Approved,BR123
e104377,2026-06-02,Chennai,C55818,RuPay,Groceries,Male,19371.27,Credit,Amazon,Retail,Approved,BR150
e104378,2026-04-25,Hyderabad,C39847,Amex,Shopping,Male,12423.95,NetBanking,Swiggy,Fuel,Declined,BR135
e104379,2026-04-15,Chennai,C40462,RuPay,Fuel,Male,8346.3,NetBanking,IRCTC,E-commerce,Approved,BR123
e104380,2026-06-24,Hyderabad,C10776,Visa,Shopping,Female,24589.87,UPI,IRCTC,Food,Declined,BR137
e104381,2026-03-19,Vizag,C57967,Amex,Fuel,Female,9479.55,NetBanking,Reliance,Utilities,Declined,BR110
e104382,2026-01-29,Hyderabad,C10022,MasterCard,Shopping,Male,18846.2,Credit,IRCTC,Travel,Approved,BR128
e104383,2026-02-14,Mumbai,C26514,Amex,Dining,Male,20936.47,UPI,Zomato,E-commerce,Approved,BR123
e104384,2026-04-11,Mumbai,C68079,Amex,Travel,Male,23243.16,NetBanking,HPCL,Travel,Approved,BR136
e104385,2026-06-20,Kolkata,C85188,RuPay,Groceries,Female,11436.1,UPI,IRCTC,Food,Approved,BR129
e104386,2026-03-06,Vizag,C88678,RuPay,Shopping,Female,13246.16,Credit,DMart,Fuel,Declined,BR144
e104387,2026-03-15,Vizag,C55861,Amex,Dining,Female,881.59,NetBanking,Amazon,Utilities,Declined,BR111
e104388,2026-05-02,Mumbai,C83591,Amex,Fuel,Female,13154.33,UPI,Swiggy,E-commerce,Approved,BR143
e104389,2026-05-21,Delhi,C16980,Visa,Shopping,Female,7158.23,UPI,HPCL,Retail,Approved,BR106
e104390,2026-06-23,Chennai,C90146,Amex,Utilities,Female,14050.42,NetBanking,IRCTC,Utilities,Approved,BR134
e104391,2026-01-20,Mumbai,C83738,MasterCard,Travel,Male,5656.62,UPI,Zomato,Retail,Declined,BR106
e104392,2026-01-16,Chennai,C13601,MasterCard,Fuel,Female,961.19,NetBanking,IOCL,Utilities,Declined,BR144
e104393,2026-05-16,Delhi,C54987,Amex,Travel,Female,20467.02,Credit,Amazon,Utilities,Approved,BR130
e104394,2026-05-19,Hyderabad,C70235,MasterCard,Dining,Male,4223.75,UPI,Reliance,Food,Declined,BR110
e104395,2026-05-17,Pune,C88685,RuPay,Dining,Female,9638.33,UPI,HPCL,Retail,Approved,BR106
e104396,2026-02-07,Delhi,C47101,Amex,Shopping,Female,6724.66,NetBanking,IOCL,Food,Approved,BR128
e104397,2026-01-06,Chennai,C17583,MasterCard,Utilities,Male,4826.4,Credit,IOCL,Travel,Approved,BR102
e104398,2026-03-15,Chennai,C74527,MasterCard,Utilities,Male,16853.26,Credit,Zomato,Utilities,Declined,BR110
e104399,2026-04-18,Delhi,C63004,Visa,Travel,Male,19130.33,Credit,Swiggy,Travel,Approved,BR147
e104400,2026-04-29,Kolkata,C53481,RuPay,Groceries,Male,11858.34,Credit,HPCL,Travel,Approved,BR130
e104401,2026-03-29,Delhi,C61771,MasterCard,Utilities,Male,4955.63,UPI,IRCTC,Utilities,Approved,BR126
e104402,2026-02-05,Hyderabad,C10844,MasterCard,Groceries,Male,12078.56,UPI,Reliance,E-commerce,Approved,BR126
e104403,2026-01-05,Hyderabad,C78881,Visa,Travel,Male,7957.67,Credit,IOCL,Fuel,Declined,BR120
e104404,2026-02-04,Chennai,C73244,Amex,Shopping,Male,1023.1,NetBanking,Zomato,Utilities,Approved,BR106
e104405,2026-05-29,Mumbai,C34029,MasterCard,Groceries,Male,1602.16,NetBanking,Zomato,Travel,Approved,BR103
e104406,2026-01-25,Vizag,C19396,RuPay,Shopping,Female,19866.87,UPI,IOCL,Fuel,Approved,BR102
e104407,2026-02-18,Hyderabad,C43044,Visa,Fuel,Male,3971.51,Credit,IOCL,Retail,Approved,BR124
e104408,2026-05-25,Kolkata,C62780,Amex,Groceries,Female,13234.57,UPI,IOCL,Utilities,Approved,BR135
e104409,2026-01-30,Mumbai,C74902,Amex,Groceries,Female,7538.84,Credit,IRCTC,Retail,Declined,BR124
e104410,2026-01-30,Bengaluru,C20736,MasterCard,Groceries,Female,14001.89,UPI,Zomato,Retail,Approved,BR109
e104411,2026-02-04,Mumbai,C65637,MasterCard,Dining,Female,10063.26,NetBanking,Reliance,Utilities,Declined,BR127
e104412,2026-03-02,Delhi,C58614,Amex,Shopping,Male,15352.47,UPI,IRCTC,E-commerce,Approved,BR134
e104413,2026-01-17,Hyderabad,C21591,Amex,Dining,Female,16909.01,Credit,Amazon,Travel,Declined,BR146
e104414,2026-03-28,Bengaluru,C62643,Visa,Utilities,Male,1523.61,Credit,DMart,Food,Declined,BR150
e104415,2026-02-12,Vizag,C82349,MasterCard,Fuel,Female,14702.64,UPI,HPCL,Travel,Declined,BR113
e104416,2026-03-17,Hyderabad,C91615,Visa,Groceries,Male,4707.87,Credit,Zomato,E-commerce,Declined,BR135
e104417,2026-04-18,Chennai,C87144,MasterCard,Utilities,Female,13382.27,Credit,Swiggy,Travel,Approved,BR140
e104418,2026-03-05,Kolkata,C56961,RuPay,Travel,Male,20124.55,Credit,IOCL,Utilities,Approved,BR121
e104419,2026-06-12,Pune,C32914,RuPay,Dining,Female,9487.0,UPI,Amazon,Retail,Declined,BR103
e104420,2026-03-02,Bengaluru,C84652,Visa,Dining,Female,16849.88,UPI,Swiggy,Food,Approved,BR145
e104421,2026-03-16,Delhi,C34393,Visa,Groceries,Female,23757.95,Credit,Reliance,E-commerce,Approved,BR130
e104422,2026-01-31,Bengaluru,C71118,RuPay,Groceries,Male,11263.87,NetBanking,Swiggy,Utilities,Approved,BR107
e104423,2026-01-10,Mumbai,C12790,MasterCard,Dining,Female,14045.92,UPI,Amazon,Utilities,Approved,BR107
e104424,2026-06-14,Delhi,C15280,Amex,Groceries,Male,20194.68,Credit,Reliance,Fuel,Approved,BR101
e104425,2026-01-21,Delhi,C18835,MasterCard,Groceries,Male,13510.81,UPI,HPCL,Utilities,Approved,BR140
e104426,2026-06-12,Chennai,C36936,RuPay,Shopping,Male,21813.08,Credit,DMart,Fuel,Approved,BR139
e104427,2026-04-21,Pune,C20396,MasterCard,Groceries,Male,16991.93,Credit,HPCL,Travel,Declined,BR134
e104428,2026-02-15,Delhi,C73181,MasterCard,Shopping,Female,13204.02,Credit,IRCTC,Retail,Declined,BR115
e104429,2026-03-09,Vizag,C74847,Amex,Dining,Female,12557.94,UPI,IRCTC,Fuel,Approved,BR132
e104430,2026-02-11,Delhi,C86345,MasterCard,Shopping,Male,1585.37,NetBanking,IRCTC,Food,Declined,BR140
e104431,2026-06-11,Pune,C60642,Amex,Fuel,Female,20415.72,Credit,IOCL,Food,Approved,BR123
e104432,2026-01-06,Bengaluru,C10258,MasterCard,Fuel,Male,2535.7,UPI,Zomato,Utilities,Declined,BR114
e104433,2026-01-14,Vizag,C81828,Amex,Groceries,Male,15225.4,UPI,IOCL,Retail,Approved,BR114
e104434,2026-06-18,Hyderabad,C34429,Amex,Utilities,Female,4166.39,NetBanking,DMart,Travel,Approved,BR130
e104435,2026-04-15,Pune,C13991,MasterCard,Travel,Male,19639.25,Credit,DMart,Retail,Approved,BR134
e104436,2026-05-10,Mumbai,C42506,Visa,Shopping,Male,5205.18,UPI,Amazon,Travel,Approved,BR132
e104437,2026-05-01,Vizag,C36847,RuPay,Utilities,Female,7600.26,NetBanking,IRCTC,Fuel,Declined,BR122
e104438,2026-01-14,Chennai,C69761,Visa,Groceries,Male,24221.3,UPI,Amazon,E-commerce,Approved,BR150
e104439,2026-03-13,Chennai,C31829,MasterCard,Shopping,Male,10318.88,NetBanking,HPCL,Travel,Declined,BR126
e104440,2026-05-09,Mumbai,C60864,RuPay,Fuel,Female,11167.14,Credit,IRCTC,Travel,Approved,BR148
e104441,2026-01-10,Bengaluru,C11991,Visa,Utilities,Male,10336.55,NetBanking,Amazon,Travel,Declined,BR111
e104442,2026-01-20,Delhi,C44591,Amex,Groceries,Female,15029.43,Credit,IRCTC,Retail,Declined,BR120
e104443,2026-02-18,Delhi,C11253,RuPay,Fuel,Male,3132.25,Credit,Reliance,Food,Approved,BR131
e104444,2026-04-06,Kolkata,C84394,Visa,Dining,Female,23951.01,UPI,HPCL,Retail,Declined,BR138
e104445,2026-05-06,Delhi,C52688,MasterCard,Fuel,Female,7846.48,UPI,IOCL,E-commerce,Approved,BR117
e104446,2026-04-03,Mumbai,C66611,Visa,Fuel,Female,10621.63,NetBanking,IRCTC,Retail,Declined,BR145
e104447,2026-02-28,Bengaluru,C50466,Visa,Shopping,Male,7664.34,NetBanking,Swiggy,Travel,Declined,BR122
e104448,2026-03-15,Chennai,C11433,MasterCard,Utilities,Male,20276.43,NetBanking,Amazon,Utilities,Declined,BR142
e104449,2026-04-15,Chennai,C46631,MasterCard,Dining,Male,9582.59,NetBanking,IRCTC,Utilities,Approved,BR135
e104450,2026-02-10,Delhi,C89424,MasterCard,Utilities,Male,2646.01,NetBanking,IOCL,Utilities,Approved,BR134
e104451,2026-01-30,Bengaluru,C42496,Visa,Fuel,Female,13784.15,UPI,Swiggy,Travel,Declined,BR114
e104452,2026-06-11,Hyderabad,C27060,Amex,Utilities,Male,8879.11,NetBanking,Swiggy,Fuel,Approved,BR104
e104453,2026-06-05,Hyderabad,C58459,Amex,Fuel,Female,24221.66,Credit,Reliance,Retail,Approved,BR134
e104454,2026-03-09,Delhi,C96643,MasterCard,Utilities,Female,21214.91,Credit,IOCL,Retail,Approved,BR148
e104455,2026-04-24,Mumbai,C33661,Amex,Travel,Female,15361.06,UPI,DMart,Fuel,Declined,BR120
e104456,2026-04-01,Kolkata,C30766,Amex,Dining,Male,10964.62,UPI,IOCL,Retail,Approved,BR110
e104457,2026-04-04,Kolkata,C44355,RuPay,Travel,Female,525.18,NetBanking,Zomato,E-commerce,Declined,BR119
e104458,2026-01-23,Pune,C95015,MasterCard,Dining,Male,2554.98,UPI,DMart,Fuel,Declined,BR105
e104459,2026-01-03,Kolkata,C62573,RuPay,Travel,Female,7929.45,Credit,Zomato,E-commerce,Declined,BR130
e104460,2026-04-06,Bengaluru,C42284,MasterCard,Dining,Female,20235.41,UPI,Reliance,Retail,Approved,BR117
e104461,2026-02-23,Hyderabad,C59954,Visa,Groceries,Female,16700.7,UPI,Amazon,Utilities,Declined,BR143
e104462,2026-01-12,Delhi,C84020,Amex,Travel,Male,9811.08,NetBanking,IOCL,Utilities,Approved,BR108
e104463,2026-05-26,Bengaluru,C13772,Visa,Dining,Male,5474.06,UPI,HPCL,Retail,Approved,BR137
e104464,2026-03-08,Chennai,C31726,Amex,Utilities,Female,5780.55,UPI,Zomato,Fuel,Approved,BR142
e104465,2026-04-04,Mumbai,C27707,MasterCard,Groceries,Male,8917.45,Credit,Zomato,Utilities,Declined,BR104
e104466,2026-03-01,Pune,C80231,Visa,Shopping,Female,9425.1,NetBanking,IRCTC,Retail,Declined,BR138
e104467,2026-01-17,Delhi,C96626,MasterCard,Groceries,Female,5645.19,Credit,Amazon,Fuel,Approved,BR138
e104468,2026-05-21,Hyderabad,C85318,Amex,Fuel,Male,9813.07,Credit,Swiggy,E-commerce,Approved,BR150
e104469,2026-03-10,Chennai,C54222,Visa,Travel,Male,3002.16,NetBanking,Reliance,E-commerce,Approved,BR113
e104470,2026-01-31,Mumbai,C21872,Amex,Dining,Male,10325.61,Credit,HPCL,E-commerce,Approved,BR142
e104471,2026-06-25,Mumbai,C84446,Amex,Shopping,Female,9081.64,Credit,DMart,Food,Declined,BR125
e104472,2026-01-21,Chennai,C34048,Amex,Fuel,Male,2829.37,Credit,Swiggy,Travel,Declined,BR114
e104473,2026-03-26,Hyderabad,C75624,Visa,Utilities,Male,4691.33,Credit,Amazon,Utilities,Approved,BR132
e104474,2026-04-09,Vizag,C47058,RuPay,Utilities,Male,14639.35,UPI,Reliance,Travel,Approved,BR128
e104475,2026-05-03,Vizag,C64046,MasterCard,Fuel,Female,11823.71,UPI,Zomato,Fuel,Declined,BR106
e104476,2026-01-14,Delhi,C94527,Amex,Travel,Female,18911.53,UPI,DMart,Fuel,Declined,BR114
e104477,2026-01-31,Bengaluru,C42414,RuPay,Travel,Female,1815.69,Credit,Swiggy,Utilities,Declined,BR150
e104478,2026-03-30,Hyderabad,C35548,Visa,Utilities,Female,20941.0,NetBanking,Reliance,Retail,Declined,BR113
e104479,2026-04-14,Kolkata,C93440,RuPay,Dining,Male,4253.23,UPI,IOCL,Travel,Declined,BR116
e104480,2026-05-04,Pune,C71620,Amex,Groceries,Female,14725.66,NetBanking,Amazon,Retail,Approved,BR135
e104481,2026-03-17,Hyderabad,C55194,Amex,Fuel,Male,17309.06,UPI,Swiggy,Retail,Declined,BR149
e104482,2026-05-30,Hyderabad,C79849,Visa,Groceries,Male,6928.39,NetBanking,Amazon,Utilities,Declined,BR108
e104483,2026-04-28,Kolkata,C35867,Amex,Travel,Female,6191.53,Credit,IOCL,Utilities,Approved,BR140
e104484,2026-06-22,Kolkata,C39746,Visa,Travel,Male,6814.77,UPI,Zomato,Travel,Approved,BR141
e104485,2026-06-30,Vizag,C51033,MasterCard,Groceries,Female,3813.11,Credit,Zomato,Retail,Declined,BR133
e104486,2026-02-18,Mumbai,C77399,Visa,Dining,Male,6002.89,NetBanking,IRCTC,Utilities,Declined,BR148
e104487,2026-05-09,Vizag,C31759,RuPay,Fuel,Male,19500.28,NetBanking,IOCL,Retail,Declined,BR101
e104488,2026-04-06,Mumbai,C29018,Amex,Utilities,Female,7344.64,NetBanking,Reliance,Travel,Approved,BR101
e104489,2026-02-15,Mumbai,C73490,MasterCard,Groceries,Female,24097.65,UPI,Zomato,E-commerce,Approved,BR143
e104490,2026-05-10,Bengaluru,C40607,RuPay,Travel,Male,2319.86,UPI,Swiggy,Utilities,Approved,BR130
e104491,2026-06-19,Vizag,C99348,Amex,Groceries,Female,605.02,NetBanking,IRCTC,Food,Declined,BR131
e104492,2026-04-17,Bengaluru,C57775,Visa,Utilities,Male,4835.23,UPI,Reliance,Fuel,Declined,BR134
e104493,2026-06-02,Delhi,C63220,Visa,Dining,Male,2505.41,Credit,DMart,Travel,Approved,BR123
e104494,2026-01-29,Delhi,C73193,RuPay,Utilities,Male,22445.24,UPI,Swiggy,Food,Declined,BR107
e104495,2026-05-27,Pune,C53825,RuPay,Groceries,Male,18866.28,Credit,IOCL,Fuel,Approved,BR121
e104496,2026-02-26,Hyderabad,C39813,MasterCard,Fuel,Female,9609.65,NetBanking,IRCTC,E-commerce,Approved,BR128
e104497,2026-06-12,Chennai,C17829,RuPay,Dining,Male,16789.82,Credit,HPCL,Travel,Approved,BR104
e104498,2026-01-28,Chennai,C47916,RuPay,Travel,Female,19836.15,NetBanking,IOCL,Fuel,Approved,BR149
e104499,2026-03-13,Pune,C39456,MasterCard,Dining,Male,18775.9,NetBanking,Reliance,Retail,Approved,BR101
e104500,2026-01-22,Vizag,C26729,MasterCard,Travel,Female,2130.06,UPI,IRCTC,E-commerce,Approved,BR135
e104501,2026-01-31,Mumbai,C95918,Amex,Groceries,Female,14334.76,Credit,Zomato,Food,Declined,BR129
e104502,2026-01-11,Chennai,C99163,Visa,Groceries,Female,7628.23,UPI,IRCTC,Utilities,Declined,BR130
e104503,2026-05-30,Vizag,C80119,Visa,Travel,Male,12400.62,UPI,IOCL,Food,Approved,BR131
e104504,2026-01-12,Delhi,C51748,RuPay,Utilities,Female,2724.31,NetBanking,Zomato,E-commerce,Declined,BR103
e104505,2026-05-06,Hyderabad,C16944,Amex,Utilities,Female,6252.17,Credit,Reliance,Utilities,Declined,BR148
e104506,2026-06-14,Hyderabad,C39365,Amex,Fuel,Male,23027.92,Credit,Zomato,Fuel,Declined,BR139
e104507,2026-05-28,Vizag,C23600,MasterCard,Utilities,Female,11303.57,NetBanking,IRCTC,Utilities,Declined,BR144
e104508,2026-06-23,Kolkata,C37223,Amex,Fuel,Female,4585.09,NetBanking,IOCL,Retail,Approved,BR143
e104509,2026-02-11,Pune,C83062,Visa,Dining,Male,13594.7,Credit,IOCL,Fuel,Declined,BR150
e104510,2026-03-14,Vizag,C29062,Amex,Utilities,Female,21619.23,Credit,HPCL,Utilities,Declined,BR109
e104511,2026-02-19,Vizag,C62830,RuPay,Shopping,Male,17349.0,UPI,IRCTC,Utilities,Declined,BR104
e104512,2026-02-01,Mumbai,C40761,Visa,Shopping,Female,6505.95,UPI,HPCL,Utilities,Declined,BR118
e104513,2026-05-05,Chennai,C65944,Visa,Dining,Female,14671.33,UPI,DMart,Travel,Declined,BR137
e104514,2026-03-15,Bengaluru,C36500,Amex,Utilities,Female,8842.34,NetBanking,Reliance,Utilities,Approved,BR146
e104515,2026-05-11,Pune,C87741,RuPay,Fuel,Male,3779.08,UPI,Swiggy,Fuel,Approved,BR125
e104516,2026-01-24,Chennai,C28765,Amex,Groceries,Female,23288.19,Credit,IRCTC,Utilities,Approved,BR102
e104517,2026-02-24,Delhi,C33269,MasterCard,Travel,Female,6517.21,NetBanking,DMart,Food,Approved,BR139
e104518,2026-02-10,Delhi,C40413,Amex,Shopping,Female,2493.79,NetBanking,Swiggy,Fuel,Approved,BR110
e104519,2026-02-25,Delhi,C86756,RuPay,Shopping,Male,10636.82,NetBanking,DMart,Travel,Approved,BR119
e104520,2026-04-05,Kolkata,C50320,RuPay,Travel,Male,12368.77,UPI,Zomato,E-commerce,Approved,BR118
e104521,2026-02-16,Delhi,C40372,MasterCard,Fuel,Male,22456.65,UPI,IRCTC,Fuel,Declined,BR144
e104522,2026-06-13,Pune,C66094,RuPay,Groceries,Female,12403.81,NetBanking,Zomato,Food,Approved,BR101
e104523,2026-03-29,Bengaluru,C24363,Visa,Fuel,Female,8050.99,UPI,Reliance,E-commerce,Approved,BR108
e104524,2026-02-18,Delhi,C35558,Amex,Dining,Female,421.66,UPI,Reliance,Fuel,Declined,BR105
e104525,2026-02-11,Delhi,C28870,RuPay,Groceries,Male,15272.67,Credit,Zomato,Retail,Approved,BR109
e104526,2026-03-10,Hyderabad,C92645,Visa,Travel,Male,22442.21,NetBanking,Swiggy,Utilities,Declined,BR133
e104527,2026-05-07,Chennai,C29472,RuPay,Fuel,Female,2625.58,NetBanking,IOCL,Travel,Declined,BR146
e104528,2026-02-05,Vizag,C46357,RuPay,Dining,Female,11827.08,UPI,Reliance,Fuel,Declined,BR142
e104529,2026-06-30,Kolkata,C15131,MasterCard,Dining,Male,12932.07,UPI,IOCL,E-commerce,Approved,BR109
e104530,2026-03-21,Hyderabad,C66740,Amex,Shopping,Female,3558.34,UPI,Zomato,E-commerce,Declined,BR136
e104531,2026-02-11,Bengaluru,C94764,RuPay,Fuel,Male,1062.58,UPI,DMart,E-commerce,Declined,BR112
e104532,2026-02-21,Vizag,C21312,MasterCard,Shopping,Female,22777.94,NetBanking,Reliance,Travel,Approved,BR133
e104533,2026-04-03,Delhi,C47686,Amex,Travel,Female,1650.98,Credit,Swiggy,Fuel,Declined,BR124
e104534,2026-06-27,Kolkata,C12038,Amex,Groceries,Male,1897.53,Credit,Swiggy,Food,Declined,BR141
e104535,2026-06-12,Mumbai,C66453,Amex,Utilities,Female,10149.38,NetBanking,Reliance,Food,Approved,BR117
e104536,2026-02-17,Delhi,C76706,MasterCard,Travel,Male,1859.12,UPI,DMart,Retail,Approved,BR111
e104537,2026-03-01,Mumbai,C33499,Visa,Shopping,Male,12076.63,Credit,Zomato,Food,Approved,BR147
e104538,2026-04-20,Mumbai,C51928,Amex,Shopping,Female,13304.17,UPI,IOCL,Fuel,Declined,BR121
e104539,2026-02-06,Vizag,C12842,RuPay,Fuel,Female,23442.97,NetBanking,IRCTC,Fuel,Approved,BR114
e104540,2026-02-10,Kolkata,C52583,MasterCard,Dining,Female,7712.87,UPI,Zomato,Utilities,Declined,BR141
e104541,2026-04-22,Mumbai,C46774,Visa,Dining,Female,6437.65,Credit,Amazon,Retail,Approved,BR110
e104542,2026-02-04,Hyderabad,C11138,Visa,Shopping,Female,6030.91,NetBanking,Amazon,Travel,Declined,BR133
e104543,2026-06-28,Chennai,C97005,Amex,Utilities,Female,22479.81,Credit,DMart,Food,Declined,BR116
e104544,2026-03-15,Mumbai,C78390,Amex,Shopping,Female,20402.93,UPI,Reliance,Travel,Approved,BR122
e104545,2026-06-20,Chennai,C10623,Visa,Dining,Female,14312.59,NetBanking,Swiggy,Food,Declined,BR127
e104546,2026-01-23,Hyderabad,C92094,RuPay,Dining,Male,8620.88,Credit,DMart,E-commerce,Approved,BR143
e104547,2026-04-27,Hyderabad,C19757,RuPay,Utilities,Male,4814.81,UPI,IRCTC,E-commerce,Approved,BR130
e104548,2026-04-27,Hyderabad,C41944,RuPay,Travel,Female,19090.77,UPI,HPCL,Utilities,Declined,BR122
e104549,2026-04-22,Chennai,C53985,MasterCard,Shopping,Male,16674.79,UPI,Reliance,E-commerce,Approved,BR125
e104550,2026-03-04,Vizag,C76990,Amex,Travel,Male,22654.55,NetBanking,IRCTC,Fuel,Declined,BR139
e104551,2026-01-04,Delhi,C35188,RuPay,Shopping,Female,392.75,NetBanking,IRCTC,Fuel,Approved,BR148
e104552,2026-05-12,Delhi,C91593,Visa,Dining,Male,19479.76,NetBanking,DMart,Fuel,Declined,BR118
e104553,2026-05-19,Delhi,C74845,Amex,Dining,Female,10127.72,UPI,Swiggy,Travel,Approved,BR123
e104554,2026-06-21,Mumbai,C15618,Visa,Shopping,Female,20726.63,Credit,Swiggy,Utilities,Declined,BR110
e104555,2026-03-13,Delhi,C74963,Amex,Shopping,Male,24854.32,Credit,HPCL,Utilities,Declined,BR107
e104556,2026-01-23,Bengaluru,C34768,RuPay,Dining,Female,20753.36,Credit,IOCL,Retail,Declined,BR102
e104557,2026-02-18,Mumbai,C53440,RuPay,Utilities,Female,6722.62,UPI,IOCL,E-commerce,Approved,BR150
e104558,2026-02-03,Hyderabad,C50378,RuPay,Groceries,Male,7165.7,Credit,Amazon,Travel,Approved,BR146
e104559,2026-06-27,Kolkata,C86174,MasterCard,Groceries,Male,22859.75,Credit,Reliance,Travel,Approved,BR133
e104560,2026-02-11,Bengaluru,C51476,MasterCard,Dining,Male,1918.53,NetBanking,DMart,Travel,Declined,BR103
e104561,2026-05-22,Kolkata,C64817,Visa,Travel,Male,19039.07,UPI,HPCL,Travel,Approved,BR123
e104562,2026-03-18,Chennai,C65174,Visa,Fuel,Male,6727.68,NetBanking,Reliance,Fuel,Declined,BR143
e104563,2026-01-04,Pune,C22682,Visa,Groceries,Male,23952.81,Credit,IRCTC,Food,Declined,BR118
e104564,2026-01-27,Mumbai,C22340,RuPay,Groceries,Female,16909.74,NetBanking,Reliance,Fuel,Approved,BR109
e104565,2026-06-23,Bengaluru,C65663,RuPay,Groceries,Female,183.03,UPI,Reliance,Travel,Approved,BR149
e104566,2026-05-05,Vizag,C63402,Amex,Fuel,Male,18962.45,UPI,IOCL,E-commerce,Declined,BR145
e104567,2026-02-11,Kolkata,C46554,RuPay,Dining,Male,15749.87,NetBanking,HPCL,Travel,Declined,BR132
e104568,2026-04-14,Chennai,C68062,Amex,Travel,Male,8662.69,Credit,IOCL,E-commerce,Approved,BR130
e104569,2026-05-21,Delhi,C36490,Visa,Utilities,Male,22648.88,UPI,IRCTC,E-commerce,Approved,BR102
e104570,2026-06-26,Vizag,C80015,Amex,Shopping,Male,1610.11,Credit,Amazon,Food,Approved,BR150
e104571,2026-02-17,Chennai,C53840,Visa,Travel,Male,6289.58,NetBanking,IOCL,Utilities,Declined,BR117
e104572,2026-06-28,Bengaluru,C75205,RuPay,Utilities,Female,23339.09,NetBanking,Zomato,Retail,Declined,BR124
e104573,2026-05-06,Hyderabad,C49463,MasterCard,Utilities,Male,8207.18,Credit,DMart,Utilities,Approved,BR140
e104574,2026-01-04,Bengaluru,C34158,Visa,Dining,Male,6199.94,UPI,Zomato,E-commerce,Approved,BR128
e104575,2026-05-05,Kolkata,C38090,Visa,Shopping,Male,23530.07,NetBanking,Reliance,Travel,Declined,BR131
e104576,2026-01-29,Vizag,C40745,RuPay,Shopping,Male,17516.8,UPI,Amazon,Fuel,Declined,BR124
e104577,2026-03-17,Bengaluru,C69061,Visa,Groceries,Female,20479.22,UPI,Reliance,Utilities,Declined,BR108
e104578,2026-05-04,Delhi,C81111,MasterCard,Dining,Male,2961.62,Credit,Reliance,E-commerce,Declined,BR146
e104579,2026-01-02,Mumbai,C56328,Visa,Travel,Female,4475.28,NetBanking,Zomato,Retail,Declined,BR125
e104580,2026-05-22,Chennai,C16531,Amex,Travel,Male,13278.83,UPI,DMart,Fuel,Approved,BR103
e104581,2026-02-08,Bengaluru,C12127,MasterCard,Groceries,Female,24740.63,Credit,IOCL,Travel,Declined,BR104
e104582,2026-02-02,Pune,C22614,MasterCard,Fuel,Male,19751.19,UPI,HPCL,Food,Declined,BR117
e104583,2026-06-28,Vizag,C42952,Visa,Utilities,Female,20394.47,Credit,Zomato,Utilities,Approved,BR143
e104584,2026-05-17,Pune,C69811,RuPay,Dining,Female,10480.52,NetBanking,Amazon,Fuel,Declined,BR122
e104585,2026-03-23,Kolkata,C49054,Amex,Dining,Male,19617.91,Credit,Amazon,Fuel,Declined,BR138
e104586,2026-05-06,Mumbai,C28936,Visa,Shopping,Female,5480.07,Credit,HPCL,Utilities,Declined,BR121
e104587,2026-02-28,Vizag,C61880,Visa,Fuel,Male,9412.15,Credit,DMart,Food,Declined,BR149
e104588,2026-03-30,Bengaluru,C86406,Visa,Groceries,Male,20386.59,UPI,Swiggy,E-commerce,Declined,BR112
e104589,2026-05-31,Kolkata,C69929,MasterCard,Dining,Male,2143.77,NetBanking,DMart,Travel,Approved,BR130
e104590,2026-01-31,Kolkata,C54882,RuPay,Travel,Female,16677.13,NetBanking,Reliance,Retail,Approved,BR108
e104591,2026-02-07,Bengaluru,C80255,Visa,Travel,Female,23088.79,NetBanking,IOCL,Fuel,Declined,BR148
e104592,2026-02-07,Mumbai,C86718,MasterCard,Utilities,Male,4358.92,Credit,HPCL,Travel,Approved,BR103
e104593,2026-03-05,Hyderabad,C63397,Amex,Utilities,Male,2236.39,Credit,DMart,Utilities,Declined,BR123
e104594,2026-05-17,Bengaluru,C50117,Amex,Groceries,Female,23415.3,Credit,IRCTC,E-commerce,Approved,BR101
e104595,2026-06-27,Pune,C40751,MasterCard,Fuel,Female,17368.96,Credit,IOCL,Food,Approved,BR142
e104596,2026-02-09,Delhi,C98284,RuPay,Dining,Male,13429.28,UPI,DMart,Utilities,Approved,BR104
e104597,2026-06-16,Chennai,C70551,Visa,Utilities,Female,13146.45,NetBanking,Amazon,Retail,Declined,BR110
e104598,2026-05-29,Bengaluru,C84859,RuPay,Shopping,Male,17210.58,Credit,IOCL,Fuel,Declined,BR128
e104599,2026-05-17,Chennai,C18931,MasterCard,Dining,Female,1432.69,UPI,IRCTC,Food,Declined,BR144
e104600,2026-06-12,Mumbai,C76649,MasterCard,Utilities,Male,22277.82,UPI,Swiggy,E-commerce,Approved,BR122
e104601,2026-02-16,Bengaluru,C59765,MasterCard,Dining,Male,16370.65,Credit,Amazon,Food,Approved,BR137
e104602,2026-04-27,Hyderabad,C93105,Amex,Utilities,Female,10731.86,UPI,Amazon,E-commerce,Declined,BR118
e104603,2026-04-27,Hyderabad,C39259,Amex,Fuel,Female,15370.79,Credit,Zomato,E-commerce,Approved,BR138
e104604,2026-03-19,Mumbai,C13615,Amex,Shopping,Male,23084.41,UPI,DMart,Utilities,Approved,BR112
e104605,2026-03-01,Mumbai,C44712,Amex,Groceries,Male,1546.02,NetBanking,DMart,Retail,Approved,BR125
e104606,2026-02-20,Delhi,C31918,Amex,Fuel,Male,18438.23,UPI,HPCL,Travel,Declined,BR131
e104607,2026-03-10,Bengaluru,C90508,MasterCard,Groceries,Male,13663.24,NetBanking,DMart,Travel,Approved,BR132
e104608,2026-01-10,Mumbai,C81242,Amex,Shopping,Female,13853.61,NetBanking,DMart,Travel,Approved,BR142
e104609,2026-01-02,Bengaluru,C52682,Visa,Dining,Male,19960.41,NetBanking,Swiggy,Retail,Declined,BR150
e104610,2026-04-08,Pune,C55288,Amex,Utilities,Female,22528.54,NetBanking,Swiggy,Utilities,Declined,BR128
e104611,2026-01-05,Bengaluru,C85998,Amex,Shopping,Female,4522.82,UPI,DMart,E-commerce,Declined,BR111
e104612,2026-03-20,Vizag,C77619,RuPay,Travel,Female,2088.69,Credit,HPCL,E-commerce,Approved,BR141
e104613,2026-06-06,Chennai,C69402,Amex,Dining,Female,10336.63,Credit,IRCTC,Fuel,Declined,BR125
e104614,2026-04-18,Delhi,C44290,RuPay,Groceries,Male,21807.46,UPI,DMart,E-commerce,Declined,BR138
e104615,2026-05-22,Delhi,C28945,RuPay,Shopping,Male,15415.61,Credit,HPCL,Food,Declined,BR127
e104616,2026-06-07,Vizag,C17825,Amex,Shopping,Male,17904.1,UPI,Zomato,Fuel,Declined,BR134
e104617,2026-02-20,Chennai,C55400,MasterCard,Utilities,Male,9135.22,Credit,IRCTC,Retail,Declined,BR111
e104618,2026-05-14,Kolkata,C18153,Visa,Travel,Female,6104.73,UPI,Amazon,Fuel,Declined,BR128
e104619,2026-01-20,Vizag,C98555,Visa,Groceries,Female,6796.42,Credit,DMart,Fuel,Declined,BR138
e104620,2026-02-06,Hyderabad,C84438,Visa,Utilities,Female,3300.33,Credit,Zomato,Retail,Declined,BR139
e104621,2026-04-24,Delhi,C36096,Amex,Fuel,Female,7978.18,Credit,Swiggy,Travel,Approved,BR131
e104622,2026-04-04,Hyderabad,C91000,Visa,Fuel,Male,14702.37,NetBanking,IOCL,Food,Approved,BR126
e104623,2026-01-21,Bengaluru,C98925,MasterCard,Dining,Female,18937.55,NetBanking,Zomato,Utilities,Approved,BR126
e104624,2026-04-12,Kolkata,C98502,Visa,Fuel,Male,6713.48,NetBanking,Reliance,Food,Declined,BR134
e104625,2026-03-12,Pune,C49568,Visa,Dining,Male,11459.67,Credit,IOCL,E-commerce,Declined,BR116
e104626,2026-04-13,Vizag,C77194,Visa,Groceries,Female,15441.88,NetBanking,DMart,Travel,Declined,BR120
e104627,2026-05-17,Mumbai,C75947,Visa,Fuel,Female,9143.74,NetBanking,Swiggy,Travel,Approved,BR150
e104628,2026-02-08,Bengaluru,C85753,Visa,Shopping,Male,14769.56,NetBanking,DMart,Utilities,Declined,BR145
e104629,2026-02-25,Bengaluru,C83357,Visa,Groceries,Male,15976.5,Credit,IOCL,Retail,Approved,BR123
e104630,2026-06-10,Bengaluru,C79412,MasterCard,Shopping,Male,4421.4,Credit,Amazon,Retail,Approved,BR122
e104631,2026-02-19,Kolkata,C51656,MasterCard,Utilities,Male,18189.81,NetBanking,IOCL,Travel,Approved,BR148
e104632,2026-06-03,Mumbai,C22966,MasterCard,Travel,Male,2472.1,UPI,IRCTC,Retail,Approved,BR141
e104633,2026-03-05,Kolkata,C47140,MasterCard,Travel,Male,13023.35,NetBanking,IRCTC,E-commerce,Declined,BR123
e104634,2026-06-04,Pune,C53382,Amex,Fuel,Female,24688.31,NetBanking,HPCL,E-commerce,Approved,BR143
e104635,2026-05-02,Hyderabad,C83034,Amex,Shopping,Male,1014.32,NetBanking,HPCL,Travel,Approved,BR129
e104636,2026-06-14,Pune,C37748,MasterCard,Utilities,Female,1630.75,UPI,IRCTC,Retail,Declined,BR137
e104637,2026-02-05,Kolkata,C63706,Amex,Travel,Male,17265.44,UPI,Swiggy,Utilities,Declined,BR115
e104638,2026-02-05,Kolkata,C66757,MasterCard,Utilities,Female,20005.09,NetBanking,IOCL,Food,Approved,BR122
e104639,2026-02-06,Chennai,C93022,Visa,Fuel,Female,19046.24,NetBanking,DMart,Food,Declined,BR133
e104640,2026-05-30,Delhi,C21584,Visa,Dining,Female,13077.98,NetBanking,Swiggy,Retail,Approved,BR150
e104641,2026-04-29,Mumbai,C81515,MasterCard,Groceries,Male,18801.07,Credit,Reliance,E-commerce,Approved,BR142
e104642,2026-03-04,Vizag,C76673,Amex,Travel,Male,15743.79,NetBanking,Swiggy,Fuel,Approved,BR123
e104643,2026-05-09,Hyderabad,C73472,MasterCard,Utilities,Female,6602.59,UPI,DMart,E-commerce,Declined,BR110
e104644,2026-02-20,Kolkata,C69128,Amex,Dining,Female,2614.93,UPI,Swiggy,Fuel,Declined,BR104
e104645,2026-06-23,Pune,C27660,MasterCard,Fuel,Female,23604.71,Credit,Swiggy,Utilities,Declined,BR115
e104646,2026-04-25,Chennai,C59371,Amex,Fuel,Female,12984.81,UPI,Amazon,Fuel,Declined,BR123
e104647,2026-05-20,Hyderabad,C55677,Amex,Dining,Male,8870.1,UPI,HPCL,Fuel,Declined,BR123
e104648,2026-03-10,Bengaluru,C23829,Amex,Travel,Male,17647.67,UPI,Amazon,E-commerce,Approved,BR138
e104649,2026-04-16,Mumbai,C53371,MasterCard,Utilities,Male,21919.5,UPI,Reliance,Travel,Declined,BR112
e104650,2026-06-12,Bengaluru,C37266,Amex,Groceries,Female,10044.98,UPI,Zomato,Food,Approved,BR120
e104651,2026-03-26,Delhi,C58015,MasterCard,Fuel,Male,14425.59,Credit,IOCL,Retail,Approved,BR146
e104652,2026-01-25,Kolkata,C69884,RuPay,Dining,Female,15908.25,Credit,HPCL,Food,Approved,BR136
e104653,2026-04-10,Kolkata,C62390,RuPay,Dining,Female,2975.55,NetBanking,Reliance,Retail,Approved,BR140
e104654,2026-01-17,Pune,C70997,RuPay,Shopping,Male,13960.22,Credit,IRCTC,Travel,Approved,BR102
e104655,2026-05-24,Bengaluru,C25801,Amex,Groceries,Male,4982.69,NetBanking,Zomato,E-commerce,Declined,BR113
e104656,2026-01-19,Bengaluru,C76376,Amex,Utilities,Female,5984.4,NetBanking,Swiggy,Travel,Approved,BR119
e104657,2026-01-15,Kolkata,C58893,Visa,Utilities,Female,11425.14,UPI,HPCL,Utilities,Approved,BR102
e104658,2026-06-27,Hyderabad,C20385,Visa,Travel,Female,4119.6,NetBanking,Amazon,E-commerce,Declined,BR104
e104659,2026-06-13,Delhi,C67606,Visa,Utilities,Female,143.72,UPI,Swiggy,E-commerce,Approved,BR132
e104660,2026-06-23,Vizag,C85542,Visa,Groceries,Female,15691.89,NetBanking,Reliance,E-commerce,Declined,BR149
e104661,2026-05-07,Bengaluru,C59871,RuPay,Travel,Female,21751.11,UPI,Amazon,Travel,Declined,BR118
e104662,2026-02-09,Kolkata,C49643,MasterCard,Fuel,Male,7492.76,Credit,Zomato,Utilities,Declined,BR119
e104663,2026-01-18,Chennai,C92158,MasterCard,Fuel,Female,20463.96,UPI,IRCTC,Travel,Declined,BR103
e104664,2026-01-03,Mumbai,C62359,Amex,Dining,Female,21251.68,UPI,Zomato,Utilities,Approved,BR102
e104665,2026-03-20,Chennai,C76168,Visa,Utilities,Male,23472.49,Credit,HPCL,E-commerce,Declined,BR143
e104666,2026-04-12,Kolkata,C96171,RuPay,Dining,Female,13380.52,NetBanking,DMart,Utilities,Approved,BR103
e104667,2026-01-08,Mumbai,C74242,Visa,Utilities,Male,20266.38,UPI,Swiggy,Retail,Declined,BR127
e104668,2026-03-04,Hyderabad,C21184,Amex,Fuel,Female,16471.3,UPI,IOCL,Food,Approved,BR132
e104669,2026-01-27,Bengaluru,C59300,Amex,Fuel,Male,22897.77,UPI,Amazon,Food,Approved,BR112
e104670,2026-06-11,Bengaluru,C91017,Visa,Dining,Female,11519.2,UPI,Amazon,E-commerce,Declined,BR136
e104671,2026-02-27,Bengaluru,C34803,RuPay,Travel,Female,23777.44,Credit,IOCL,Utilities,Approved,BR125
e104672,2026-02-10,Bengaluru,C63809,RuPay,Shopping,Female,1400.31,UPI,Swiggy,Utilities,Approved,BR121
e104673,2026-06-29,Vizag,C73927,Visa,Utilities,Female,8314.33,Credit,IOCL,Travel,Approved,BR118
e104674,2026-02-21,Chennai,C59168,RuPay,Groceries,Female,12790.18,NetBanking,HPCL,Travel,Declined,BR132
e104675,2026-06-28,Mumbai,C44470,Visa,Travel,Male,7565.95,NetBanking,DMart,Food,Approved,BR140
e104676,2026-03-18,Bengaluru,C76042,RuPay,Shopping,Male,12577.06,Credit,Amazon,Utilities,Declined,BR101
e104677,2026-01-26,Vizag,C63993,Visa,Travel,Male,20586.79,Credit,Zomato,E-commerce,Approved,BR137
e104678,2026-02-17,Bengaluru,C28057,RuPay,Travel,Male,24900.48,UPI,Zomato,Travel,Declined,BR123
e104679,2026-03-20,Chennai,C12095,RuPay,Dining,Female,24441.35,UPI,Reliance,Travel,Declined,BR126
e104680,2026-03-24,Bengaluru,C45599,Amex,Dining,Male,22016.41,NetBanking,Zomato,Utilities,Declined,BR120
e104681,2026-05-20,Kolkata,C67479,Visa,Travel,Female,5746.51,UPI,IOCL,Utilities,Approved,BR137
e104682,2026-02-28,Hyderabad,C10988,RuPay,Groceries,Male,8322.33,NetBanking,Reliance,E-commerce,Declined,BR116
e104683,2026-06-15,Chennai,C69775,RuPay,Shopping,Female,11279.72,Credit,Amazon,Retail,Declined,BR145
e104684,2026-06-08,Bengaluru,C21783,MasterCard,Travel,Male,10663.5,Credit,DMart,Retail,Declined,BR146
e104685,2026-02-09,Hyderabad,C75670,MasterCard,Shopping,Female,24868.24,UPI,Swiggy,Utilities,Declined,BR108
e104686,2026-02-02,Chennai,C29742,Amex,Dining,Female,4019.29,UPI,IRCTC,Travel,Approved,BR148
e104687,2026-05-04,Vizag,C59398,RuPay,Utilities,Male,6870.49,NetBanking,IOCL,Utilities,Declined,BR150
e104688,2026-06-30,Pune,C70120,Visa,Travel,Female,20670.0,NetBanking,Swiggy,Utilities,Approved,BR138
e104689,2026-01-03,Vizag,C56229,Amex,Utilities,Male,10413.27,Credit,HPCL,Fuel,Declined,BR102
e104690,2026-05-16,Mumbai,C53505,Amex,Groceries,Male,7410.04,NetBanking,DMart,Utilities,Approved,BR120
e104691,2026-05-13,Vizag,C97262,RuPay,Fuel,Male,18154.94,UPI,IOCL,E-commerce,Approved,BR120
e104692,2026-03-29,Bengaluru,C11559,RuPay,Shopping,Male,21263.32,Credit,Reliance,Food,Declined,BR137
e104693,2026-04-21,Bengaluru,C31549,Amex,Travel,Female,6278.86,Credit,Amazon,Retail,Declined,BR120
e104694,2026-02-23,Pune,C65935,RuPay,Travel,Male,3450.68,UPI,Amazon,Travel,Approved,BR141
e104695,2026-05-30,Kolkata,C96963,Visa,Fuel,Male,9946.22,UPI,DMart,Retail,Approved,BR103
e104696,2026-02-12,Mumbai,C15178,Visa,Utilities,Male,15220.66,NetBanking,DMart,Retail,Declined,BR122
e104697,2026-04-08,Pune,C92668,MasterCard,Groceries,Male,18873.03,NetBanking,HPCL,Fuel,Declined,BR124
e104698,2026-05-25,Chennai,C96287,Amex,Fuel,Male,18442.78,UPI,DMart,E-commerce,Declined,BR103
e104699,2026-05-19,Vizag,C27146,Amex,Fuel,Male,21575.77,Credit,HPCL,Travel,Declined,BR103
e104700,2026-02-05,Bengaluru,C71528,MasterCard,Dining,Male,16586.66,Credit,DMart,Food,Approved,BR105
e104701,2026-01-27,Mumbai,C81914,Visa,Utilities,Female,9922.39,UPI,Amazon,E-commerce,Declined,BR103
e104702,2026-05-05,Bengaluru,C13407,Visa,Utilities,Female,1280.89,NetBanking,Zomato,Travel,Approved,BR113
e104703,2026-05-13,Chennai,C79866,RuPay,Shopping,Female,21252.5,Credit,Reliance,Utilities,Approved,BR150
e104704,2026-04-28,Hyderabad,C85161,RuPay,Utilities,Female,20569.98,UPI,IRCTC,Travel,Declined,BR141
e104705,2026-06-12,Pune,C56123,RuPay,Travel,Male,17520.06,Credit,Zomato,E-commerce,Declined,BR141
e104706,2026-05-08,Delhi,C35451,MasterCard,Shopping,Female,7269.26,UPI,Reliance,Travel,Declined,BR119
e104707,2026-01-14,Mumbai,C91063,RuPay,Travel,Male,20578.04,Credit,Reliance,Retail,Approved,BR145
e104708,2026-05-08,Chennai,C19137,MasterCard,Shopping,Female,17973.49,NetBanking,HPCL,Utilities,Approved,BR115
e104709,2026-04-14,Mumbai,C38233,RuPay,Shopping,Female,1104.67,Credit,Swiggy,Fuel,Approved,BR139
e104710,2026-06-13,Pune,C13155,RuPay,Travel,Male,23448.47,UPI,Zomato,Food,Approved,BR142
e104711,2026-02-02,Bengaluru,C16284,RuPay,Shopping,Male,1046.96,Credit,Amazon,Food,Approved,BR115
e104712,2026-06-30,Hyderabad,C15571,MasterCard,Travel,Female,5730.14,NetBanking,DMart,Retail,Declined,BR105
e104713,2026-04-20,Chennai,C85257,Amex,Fuel,Female,13058.59,Credit,IRCTC,Retail,Approved,BR120
e104714,2026-04-25,Hyderabad,C89329,RuPay,Groceries,Male,9992.26,NetBanking,Swiggy,Travel,Declined,BR108
e104715,2026-01-23,Kolkata,C44570,Visa,Groceries,Female,11986.49,Credit,Swiggy,Travel,Approved,BR121
e104716,2026-06-20,Kolkata,C19876,Visa,Dining,Male,22407.34,UPI,HPCL,Utilities,Declined,BR138
e104717,2026-03-26,Hyderabad,C59946,RuPay,Utilities,Female,6478.42,NetBanking,IOCL,Travel,Declined,BR147
e104718,2026-05-14,Mumbai,C42964,Amex,Travel,Female,3215.37,UPI,DMart,E-commerce,Declined,BR133
e104719,2026-02-22,Delhi,C57395,Visa,Utilities,Male,3909.74,UPI,Zomato,Fuel,Declined,BR107
e104720,2026-01-28,Pune,C18854,Amex,Utilities,Female,1099.7,NetBanking,IOCL,Retail,Declined,BR103
e104721,2026-02-26,Pune,C22727,Amex,Groceries,Female,10977.29,Credit,Reliance,E-commerce,Declined,BR145
e104722,2026-06-17,Kolkata,C17351,Amex,Travel,Female,8516.99,NetBanking,Zomato,Retail,Approved,BR143
e104723,2026-04-16,Delhi,C77498,Visa,Travel,Female,23872.1,UPI,Swiggy,Food,Approved,BR119
e104724,2026-05-09,Kolkata,C67370,MasterCard,Groceries,Male,12952.09,Credit,IRCTC,Travel,Approved,BR108
e104725,2026-04-21,Mumbai,C52158,MasterCard,Dining,Female,4645.67,NetBanking,IOCL,Travel,Declined,BR148
e104726,2026-03-20,Kolkata,C53473,Amex,Groceries,Male,24153.52,NetBanking,Zomato,E-commerce,Approved,BR113
e104727,2026-05-05,Chennai,C68069,RuPay,Utilities,Female,11713.44,Credit,Zomato,Food,Approved,BR120
e104728,2026-06-23,Mumbai,C96331,MasterCard,Utilities,Female,11632.36,Credit,IOCL,E-commerce,Approved,BR117
e104729,2026-01-01,Chennai,C44918,Amex,Travel,Female,4740.57,NetBanking,IOCL,Food,Approved,BR130
e104730,2026-02-14,Hyderabad,C62792,Visa,Travel,Female,433.35,NetBanking,Zomato,Food,Declined,BR117
e104731,2026-02-10,Mumbai,C21113,Amex,Shopping,Female,18379.21,Credit,Reliance,Retail,Approved,BR125
e104732,2026-01-02,Bengaluru,C42488,RuPay,Shopping,Female,20737.19,UPI,IRCTC,Food,Approved,BR141
e104733,2026-03-02,Bengaluru,C69177,Amex,Utilities,Male,12215.53,NetBanking,Swiggy,Travel,Approved,BR134
e104734,2026-02-23,Bengaluru,C15222,MasterCard,Groceries,Female,11625.52,NetBanking,DMart,Fuel,Approved,BR113
e104735,2026-04-28,Bengaluru,C57821,Visa,Shopping,Female,1220.26,NetBanking,HPCL,Retail,Approved,BR113
e104736,2026-05-20,Chennai,C67181,Visa,Groceries,Male,16692.62,UPI,Reliance,Travel,Declined,BR111
e104737,2026-06-16,Pune,C51730,MasterCard,Travel,Female,15403.83,Credit,IOCL,Food,Declined,BR140
e104738,2026-02-26,Bengaluru,C95103,Visa,Utilities,Male,8128.8,NetBanking,HPCL,Fuel,Approved,BR134
e104739,2026-04-23,Mumbai,C20310,Visa,Groceries,Male,2736.44,Credit,Zomato,Retail,Declined,BR136
e104740,2026-05-02,Delhi,C92680,Amex,Fuel,Male,2771.7,NetBanking,Amazon,Utilities,Approved,BR129
e104741,2026-04-17,Pune,C10213,Amex,Utilities,Female,22175.82,NetBanking,Amazon,Utilities,Declined,BR132
e104742,2026-06-23,Delhi,C99971,MasterCard,Shopping,Female,23846.72,NetBanking,Reliance,E-commerce,Approved,BR128
e104743,2026-06-09,Mumbai,C78943,MasterCard,Travel,Female,21409.68,UPI,Zomato,Utilities,Approved,BR122
e104744,2026-04-04,Pune,C44248,Amex,Travel,Female,7498.35,Credit,Amazon,Utilities,Declined,BR118
e104745,2026-05-03,Pune,C40836,MasterCard,Travel,Male,20771.99,UPI,HPCL,Food,Declined,BR109
e104746,2026-03-29,Delhi,C54407,Amex,Dining,Male,14549.32,NetBanking,IOCL,Travel,Approved,BR132
e104747,2026-03-28,Chennai,C22139,Visa,Utilities,Male,4677.66,Credit,IRCTC,Food,Approved,BR135
e104748,2026-02-20,Hyderabad,C88999,RuPay,Travel,Male,7568.76,Credit,HPCL,Retail,Declined,BR124
e104749,2026-02-18,Vizag,C70773,MasterCard,Utilities,Female,8309.78,Credit,Swiggy,E-commerce,Approved,BR124
e104750,2026-01-05,Pune,C17765,Amex,Groceries,Female,16359.62,UPI,Amazon,E-commerce,Approved,BR149
e104751,2026-04-24,Vizag,C59982,Amex,Travel,Male,4180.42,NetBanking,Amazon,Fuel,Approved,BR145
e104752,2026-03-21,Chennai,C27227,Visa,Groceries,Female,2413.49,NetBanking,Zomato,Retail,Approved,BR108
e104753,2026-04-25,Chennai,C19070,MasterCard,Fuel,Female,23800.17,NetBanking,Amazon,Fuel,Approved,BR142
e104754,2026-03-03,Hyderabad,C32885,RuPay,Utilities,Female,13636.52,Credit,Zomato,Travel,Declined,BR115
e104755,2026-02-24,Hyderabad,C67423,RuPay,Utilities,Female,23196.62,Credit,IOCL,Food,Declined,BR143
e104756,2026-06-17,Hyderabad,C50942,Amex,Travel,Female,21009.91,NetBanking,DMart,E-commerce,Approved,BR115
e104757,2026-06-02,Kolkata,C32892,MasterCard,Dining,Male,5362.28,UPI,IRCTC,Travel,Declined,BR120
e104758,2026-02-27,Vizag,C22134,Visa,Travel,Female,2203.44,NetBanking,Reliance,Fuel,Declined,BR112
e104759,2026-06-19,Kolkata,C32620,Visa,Groceries,Female,20150.73,Credit,IOCL,Fuel,Approved,BR113
e104760,2026-04-23,Delhi,C51113,Amex,Fuel,Male,20171.47,UPI,IOCL,Retail,Approved,BR135
e104761,2026-04-17,Mumbai,C30496,RuPay,Dining,Male,24096.88,Credit,Zomato,Food,Declined,BR142
e104762,2026-01-27,Vizag,C69017,Amex,Shopping,Male,16325.21,Credit,Amazon,Food,Declined,BR122
e104763,2026-02-04,Vizag,C18939,RuPay,Fuel,Female,11595.97,UPI,IOCL,Fuel,Declined,BR141
e104764,2026-01-01,Delhi,C85497,RuPay,Travel,Female,2126.64,NetBanking,HPCL,Travel,Approved,BR146
e104765,2026-06-22,Hyderabad,C99045,RuPay,Travel,Male,21236.84,Credit,Zomato,Travel,Approved,BR114
e104766,2026-05-12,Kolkata,C55156,MasterCard,Shopping,Male,20401.24,Credit,Reliance,Food,Declined,BR146
e104767,2026-03-07,Vizag,C53332,Amex,Fuel,Female,9561.6,NetBanking,IRCTC,Fuel,Approved,BR106
e104768,2026-06-24,Pune,C76415,Amex,Shopping,Male,1615.34,Credit,DMart,Fuel,Approved,BR106
e104769,2026-04-16,Mumbai,C65793,Visa,Utilities,Male,16163.08,Credit,Swiggy,Fuel,Declined,BR118
e104770,2026-04-01,Mumbai,C37539,RuPay,Dining,Female,14158.49,NetBanking,IRCTC,Food,Declined,BR141
e104771,2026-05-31,Pune,C88576,Amex,Fuel,Male,18938.43,NetBanking,HPCL,Travel,Declined,BR105
e104772,2026-04-15,Chennai,C15609,Amex,Groceries,Female,11090.35,Credit,HPCL,Retail,Approved,BR104
e104773,2026-01-27,Bengaluru,C56250,MasterCard,Dining,Male,22186.61,Credit,DMart,E-commerce,Approved,BR101
e104774,2026-05-30,Pune,C98267,Amex,Groceries,Female,16350.37,UPI,DMart,Travel,Declined,BR126
e104775,2026-06-02,Bengaluru,C28696,Amex,Travel,Female,17116.69,UPI,IRCTC,Fuel,Declined,BR114
e104776,2026-02-18,Mumbai,C20211,MasterCard,Dining,Female,4449.98,UPI,IRCTC,E-commerce,Approved,BR135
e104777,2026-06-03,Mumbai,C43559,Visa,Dining,Male,12202.06,NetBanking,Zomato,Fuel,Approved,BR111
e104778,2026-05-23,Pune,C33701,RuPay,Fuel,Female,22991.36,UPI,Zomato,E-commerce,Declined,BR136
e104779,2026-05-21,Hyderabad,C65783,MasterCard,Utilities,Female,22661.81,NetBanking,Reliance,Travel,Declined,BR148
e104780,2026-02-02,Mumbai,C58983,MasterCard,Shopping,Male,13048.36,UPI,IRCTC,Travel,Declined,BR106
e104781,2026-01-25,Delhi,C12858,Visa,Shopping,Female,7396.67,UPI,Swiggy,Retail,Declined,BR135
e104782,2026-01-27,Vizag,C24800,MasterCard,Dining,Female,21867.23,Credit,Zomato,E-commerce,Approved,BR105
e104783,2026-03-22,Pune,C81624,Amex,Travel,Female,17813.93,UPI,HPCL,Utilities,Declined,BR139
e104784,2026-05-26,Mumbai,C94071,Amex,Dining,Male,8205.09,Credit,HPCL,E-commerce,Declined,BR146
e104785,2026-01-20,Mumbai,C96624,Amex,Shopping,Female,21134.85,Credit,HPCL,Food,Approved,BR150
e104786,2026-06-06,Hyderabad,C94965,MasterCard,Groceries,Female,3917.75,UPI,IOCL,Food,Declined,BR116
e104787,2026-03-30,Mumbai,C47431,MasterCard,Dining,Male,14228.44,NetBanking,Reliance,Fuel,Approved,BR126
e104788,2026-01-09,Kolkata,C67010,Visa,Utilities,Male,14968.13,UPI,Amazon,E-commerce,Declined,BR113
e104789,2026-03-01,Delhi,C90150,Visa,Dining,Male,3271.27,Credit,Swiggy,Food,Approved,BR144
e104790,2026-02-27,Bengaluru,C18348,Amex,Utilities,Female,3843.88,NetBanking,DMart,Food,Approved,BR123
e104791,2026-06-26,Bengaluru,C77099,MasterCard,Fuel,Male,15356.99,UPI,DMart,Utilities,Declined,BR135
e104792,2026-02-27,Chennai,C25386,Amex,Travel,Male,8454.53,NetBanking,Amazon,Travel,Approved,BR149
e104793,2026-02-17,Pune,C82910,Amex,Dining,Female,13079.13,UPI,IOCL,E-commerce,Declined,BR125
e104794,2026-05-25,Vizag,C36482,RuPay,Fuel,Male,24763.15,NetBanking,Reliance,Retail,Approved,BR107
e104795,2026-02-28,Chennai,C30393,Amex,Groceries,Male,2393.56,NetBanking,HPCL,Travel,Approved,BR111
e104796,2026-01-06,Kolkata,C52324,RuPay,Shopping,Male,21416.5,Credit,Zomato,E-commerce,Approved,BR142
e104797,2026-04-18,Vizag,C45599,MasterCard,Fuel,Female,22123.02,UPI,IRCTC,Fuel,Approved,BR141
e104798,2026-05-07,Bengaluru,C70598,Amex,Travel,Female,2369.14,Credit,Zomato,Food,Declined,BR125
e104799,2026-01-27,Vizag,C37162,RuPay,Travel,Male,2271.26,Credit,Zomato,Retail,Declined,BR127
e104800,2026-02-22,Kolkata,C69926,RuPay,Utilities,Female,11728.05,NetBanking,Zomato,E-commerce,Declined,BR135
e104801,2026-02-03,Pune,C80945,MasterCard,Fuel,Male,17656.89,NetBanking,Swiggy,Food,Approved,BR106
e104802,2026-01-16,Chennai,C67119,RuPay,Utilities,Female,3772.98,Credit,Amazon,E-commerce,Declined,BR126
e104803,2026-04-25,Vizag,C35457,Amex,Dining,Male,24188.32,NetBanking,Zomato,Food,Approved,BR131
e104804,2026-04-08,Hyderabad,C17237,Amex,Fuel,Female,11577.5,UPI,IOCL,Travel,Declined,BR133
e104805,2026-01-12,Vizag,C87929,Visa,Fuel,Female,23011.23,UPI,HPCL,Travel,Approved,BR101
e104806,2026-05-17,Hyderabad,C65864,Amex,Groceries,Male,4347.9,Credit,IOCL,Utilities,Approved,BR118
e104807,2026-05-29,Bengaluru,C95836,Amex,Travel,Female,8776.25,Credit,Reliance,Food,Approved,BR119
e104808,2026-06-12,Pune,C60427,Amex,Groceries,Male,14524.39,UPI,Reliance,Retail,Approved,BR127
e104809,2026-05-20,Kolkata,C39767,Visa,Groceries,Female,14879.03,UPI,DMart,Utilities,Declined,BR114
e104810,2026-01-31,Bengaluru,C54483,MasterCard,Fuel,Female,9123.29,Credit,IOCL,Food,Declined,BR120
e104811,2026-03-12,Chennai,C51538,MasterCard,Fuel,Male,996.92,UPI,Swiggy,Utilities,Approved,BR103
e104812,2026-06-14,Pune,C12462,RuPay,Fuel,Female,5061.73,NetBanking,HPCL,Food,Declined,BR130
e104813,2026-04-01,Delhi,C78553,RuPay,Groceries,Female,20676.1,Credit,Swiggy,Travel,Declined,BR106
e104814,2026-05-19,Hyderabad,C85448,MasterCard,Utilities,Female,19032.77,NetBanking,Zomato,Retail,Approved,BR118
e104815,2026-05-06,Pune,C12477,MasterCard,Travel,Female,9171.77,Credit,Amazon,Utilities,Approved,BR106
e104816,2026-06-17,Mumbai,C75217,MasterCard,Dining,Female,23503.76,Credit,Reliance,Travel,Approved,BR149
e104817,2026-03-05,Delhi,C32789,Amex,Shopping,Male,20648.69,UPI,Zomato,E-commerce,Declined,BR101
e104818,2026-04-22,Bengaluru,C32157,MasterCard,Fuel,Male,6040.44,NetBanking,DMart,Fuel,Approved,BR105
e104819,2026-06-23,Hyderabad,C16050,Amex,Travel,Male,17319.7,Credit,Amazon,Food,Declined,BR119
e104820,2026-04-01,Hyderabad,C25260,Visa,Utilities,Female,5961.03,UPI,DMart,Fuel,Declined,BR150
e104821,2026-03-08,Mumbai,C41397,MasterCard,Fuel,Male,14660.21,UPI,Reliance,Travel,Approved,BR139
e104822,2026-05-09,Mumbai,C64189,Amex,Utilities,Male,8655.98,UPI,IRCTC,Retail,Declined,BR131
e104823,2026-03-12,Pune,C80779,MasterCard,Utilities,Male,13225.83,NetBanking,IOCL,Travel,Declined,BR119
e104824,2026-05-14,Mumbai,C45162,RuPay,Fuel,Male,13749.05,UPI,Reliance,Retail,Approved,BR136
e104825,2026-01-04,Hyderabad,C75411,Visa,Groceries,Male,22052.81,NetBanking,DMart,Utilities,Approved,BR137
e104826,2026-05-27,Delhi,C61436,RuPay,Utilities,Female,10972.69,NetBanking,Amazon,Travel,Declined,BR105
e104827,2026-05-28,Chennai,C77325,Visa,Utilities,Male,7996.65,Credit,Amazon,Utilities,Approved,BR126
e104828,2026-01-09,Delhi,C56388,RuPay,Groceries,Female,6620.51,Credit,Reliance,Fuel,Declined,BR140
e104829,2026-01-08,Vizag,C66961,Amex,Shopping,Female,3143.52,NetBanking,DMart,Food,Approved,BR148
e104830,2026-03-26,Hyderabad,C63033,Visa,Shopping,Male,7063.81,NetBanking,Swiggy,Utilities,Declined,BR146
e104831,2026-05-25,Kolkata,C18880,Amex,Utilities,Male,6947.78,Credit,Amazon,E-commerce,Declined,BR130
e104832,2026-04-25,Kolkata,C26557,Amex,Shopping,Female,5680.01,Credit,Reliance,Fuel,Approved,BR126
e104833,2026-06-04,Mumbai,C17698,Visa,Groceries,Male,17930.57,NetBanking,HPCL,E-commerce,Declined,BR104
e104834,2026-02-08,Vizag,C95824,RuPay,Travel,Male,17285.77,NetBanking,IOCL,Utilities,Approved,BR143
e104835,2026-04-22,Bengaluru,C22356,MasterCard,Dining,Female,2815.69,NetBanking,Amazon,E-commerce,Approved,BR147
e104836,2026-02-05,Vizag,C33592,RuPay,Dining,Male,22343.03,NetBanking,DMart,E-commerce,Approved,BR123
e104837,2026-04-15,Chennai,C27974,MasterCard,Shopping,Male,8138.74,Credit,DMart,Retail,Approved,BR116
e104838,2026-02-26,Mumbai,C17521,MasterCard,Utilities,Male,24178.65,NetBanking,Swiggy,Food,Approved,BR143
e104839,2026-02-07,Bengaluru,C64016,Amex,Travel,Male,3132.64,NetBanking,Swiggy,Utilities,Declined,BR123
e104840,2026-05-13,Chennai,C25977,MasterCard,Dining,Female,19689.25,Credit,Swiggy,E-commerce,Approved,BR115
e104841,2026-05-04,Pune,C47483,RuPay,Utilities,Male,16801.7,Credit,Amazon,Utilities,Approved,BR139
e104842,2026-05-06,Chennai,C98238,MasterCard,Utilities,Female,8291.72,Credit,HPCL,Retail,Declined,BR143
e104843,2026-06-28,Hyderabad,C28175,RuPay,Shopping,Male,24585.07,NetBanking,Swiggy,E-commerce,Approved,BR101
e104844,2026-02-02,Chennai,C22488,MasterCard,Fuel,Female,190.79,NetBanking,IOCL,Retail,Approved,BR146
e104845,2026-01-05,Chennai,C22996,Visa,Fuel,Male,21419.33,Credit,Swiggy,E-commerce,Approved,BR139
e104846,2026-03-30,Mumbai,C71202,MasterCard,Utilities,Male,9342.02,UPI,HPCL,E-commerce,Approved,BR102
e104847,2026-02-05,Hyderabad,C95086,RuPay,Utilities,Male,23495.1,Credit,DMart,Travel,Approved,BR142
e104848,2026-05-19,Hyderabad,C78496,Amex,Dining,Female,5906.26,Credit,Zomato,Travel,Declined,BR146
e104849,2026-01-10,Chennai,C36899,MasterCard,Travel,Male,5633.2,Credit,HPCL,Travel,Approved,BR149
e104850,2026-01-18,Delhi,C35262,Amex,Utilities,Female,20496.64,UPI,IOCL,Travel,Declined,BR136
e104851,2026-03-06,Pune,C70937,RuPay,Dining,Male,17811.23,UPI,HPCL,Food,Approved,BR125
e104852,2026-01-14,Hyderabad,C48604,Amex,Shopping,Male,24748.19,Credit,IRCTC,Travel,Declined,BR144
e104853,2026-05-20,Mumbai,C15279,Visa,Fuel,Male,2589.69,Credit,Swiggy,Retail,Declined,BR106
e104854,2026-06-14,Vizag,C34158,Visa,Dining,Male,17657.71,Credit,IRCTC,E-commerce,Approved,BR128
e104855,2026-06-16,Hyderabad,C42507,Visa,Shopping,Male,11344.09,NetBanking,DMart,Utilities,Approved,BR128
e104856,2026-03-22,Chennai,C76243,Amex,Dining,Male,23730.33,UPI,HPCL,Retail,Approved,BR148
e104857,2026-02-27,Chennai,C86923,MasterCard,Utilities,Male,6237.05,NetBanking,Reliance,Food,Declined,BR137
e104858,2026-03-05,Kolkata,C35533,MasterCard,Dining,Male,15982.74,Credit,HPCL,Travel,Approved,BR114
e104859,2026-02-24,Vizag,C64794,Amex,Dining,Male,20347.16,Credit,Amazon,Retail,Declined,BR113
e104860,2026-05-02,Hyderabad,C82317,Visa,Utilities,Female,550.01,NetBanking,Swiggy,E-commerce,Approved,BR119
e104861,2026-01-21,Kolkata,C53903,MasterCard,Travel,Female,24212.41,NetBanking,Swiggy,Utilities,Approved,BR138
e104862,2026-05-20,Bengaluru,C12577,Amex,Groceries,Male,21341.24,NetBanking,IOCL,E-commerce,Declined,BR134
e104863,2026-04-18,Kolkata,C78205,Amex,Utilities,Male,19246.13,UPI,Reliance,Travel,Approved,BR133
e104864,2026-05-16,Pune,C29898,MasterCard,Dining,Male,5977.47,NetBanking,IRCTC,Fuel,Approved,BR117
e104865,2026-01-12,Mumbai,C63182,RuPay,Groceries,Female,23735.13,Credit,Amazon,Travel,Declined,BR149
e104866,2026-03-23,Delhi,C38190,RuPay,Utilities,Male,21106.12,Credit,Zomato,Travel,Approved,BR116
e104867,2026-06-05,Pune,C70905,RuPay,Utilities,Female,19016.25,NetBanking,Zomato,Fuel,Approved,BR146
e104868,2026-02-14,Hyderabad,C20103,Visa,Groceries,Male,9630.0,UPI,Reliance,Fuel,Approved,BR126
e104869,2026-05-17,Mumbai,C24415,Visa,Travel,Female,20757.29,UPI,IRCTC,Food,Approved,BR134
e104870,2026-06-29,Mumbai,C13873,MasterCard,Shopping,Female,22542.29,NetBanking,DMart,E-commerce,Declined,BR148
e104871,2026-04-06,Kolkata,C57780,Visa,Travel,Female,782.4,NetBanking,DMart,E-commerce,Approved,BR135
e104872,2026-05-23,Mumbai,C17816,MasterCard,Fuel,Female,1111.09,UPI,DMart,Utilities,Declined,BR131
e104873,2026-05-26,Bengaluru,C69601,RuPay,Fuel,Male,7943.54,UPI,IRCTC,E-commerce,Approved,BR123
e104874,2026-03-17,Delhi,C71948,Amex,Dining,Male,13138.02,Credit,IRCTC,Utilities,Declined,BR125
e104875,2026-04-03,Delhi,C21600,Visa,Groceries,Female,10902.57,NetBanking,DMart,Retail,Approved,BR142
e104876,2026-02-07,Kolkata,C64591,MasterCard,Shopping,Female,13747.23,NetBanking,Zomato,E-commerce,Declined,BR116
e104877,2026-04-03,Pune,C75508,Visa,Travel,Male,24284.95,Credit,Amazon,Fuel,Approved,BR125
e104878,2026-03-30,Hyderabad,C10985,Amex,Travel,Male,6694.93,NetBanking,Zomato,Food,Declined,BR140
e104879,2026-06-04,Bengaluru,C17880,RuPay,Dining,Male,2128.94,Credit,HPCL,Retail,Declined,BR130
e104880,2026-01-10,Chennai,C86946,MasterCard,Travel,Female,22397.05,NetBanking,Amazon,Travel,Approved,BR144
e104881,2026-06-16,Chennai,C13445,RuPay,Groceries,Female,2710.85,NetBanking,IOCL,E-commerce,Approved,BR127
e104882,2026-03-11,Delhi,C77468,MasterCard,Shopping,Female,16296.4,NetBanking,DMart,Fuel,Approved,BR118
e104883,2026-02-02,Chennai,C71146,Visa,Utilities,Male,5924.37,UPI,Reliance,E-commerce,Declined,BR137
e104884,2026-01-07,Bengaluru,C34069,Visa,Shopping,Male,3388.6,UPI,IRCTC,Utilities,Declined,BR116
e104885,2026-02-09,Bengaluru,C43195,Amex,Travel,Male,4231.09,Credit,DMart,E-commerce,Declined,BR139
e104886,2026-02-27,Bengaluru,C63721,MasterCard,Dining,Female,7076.24,UPI,IRCTC,E-commerce,Declined,BR149
e104887,2026-01-13,Delhi,C57980,Visa,Groceries,Female,2866.13,NetBanking,DMart,Travel,Declined,BR139
e104888,2026-03-20,Kolkata,C90994,MasterCard,Shopping,Female,22747.97,UPI,Amazon,Food,Approved,BR137
e104889,2026-04-22,Kolkata,C32029,MasterCard,Travel,Male,837.17,UPI,Reliance,E-commerce,Approved,BR125
e104890,2026-02-16,Pune,C48888,RuPay,Travel,Female,18173.84,Credit,Swiggy,E-commerce,Declined,BR137
e104891,2026-05-14,Delhi,C23260,RuPay,Utilities,Male,18360.21,Credit,IRCTC,Retail,Declined,BR131
e104892,2026-04-17,Chennai,C89659,RuPay,Utilities,Female,14716.42,Credit,IOCL,Fuel,Declined,BR136
e104893,2026-05-12,Vizag,C86396,Amex,Groceries,Male,7465.28,Credit,IRCTC,Fuel,Declined,BR133
e104894,2026-06-21,Hyderabad,C32488,MasterCard,Fuel,Male,20474.62,NetBanking,Zomato,E-commerce,Declined,BR110
e104895,2026-01-07,Vizag,C77569,Amex,Utilities,Male,18247.29,Credit,Amazon,Fuel,Declined,BR106
e104896,2026-05-13,Vizag,C27574,MasterCard,Shopping,Male,7619.4,NetBanking,Reliance,Food,Declined,BR145
e104897,2026-02-05,Bengaluru,C75912,MasterCard,Utilities,Female,11463.01,Credit,HPCL,E-commerce,Approved,BR118
e104898,2026-05-10,Pune,C80468,MasterCard,Travel,Female,10763.51,Credit,Zomato,Utilities,Approved,BR116
e104899,2026-01-19,Mumbai,C65054,RuPay,Utilities,Female,2143.13,NetBanking,Swiggy,Travel,Declined,BR139
e104900,2026-02-17,Kolkata,C25401,Visa,Travel,Male,3086.1,UPI,Amazon,Retail,Declined,BR108
e104901,2026-01-25,Bengaluru,C46292,RuPay,Travel,Male,24809.72,NetBanking,DMart,Travel,Declined,BR101
e104902,2026-01-13,Hyderabad,C19850,RuPay,Groceries,Male,2091.55,Credit,IRCTC,Retail,Approved,BR114
e104903,2026-01-03,Bengaluru,C33250,MasterCard,Shopping,Male,16371.01,Credit,Amazon,E-commerce,Declined,BR133
e104904,2026-02-25,Delhi,C83967,MasterCard,Shopping,Male,24315.26,UPI,IRCTC,Fuel,Approved,BR140
e104905,2026-05-03,Kolkata,C54426,RuPay,Utilities,Male,22754.57,Credit,Swiggy,Retail,Declined,BR103
e104906,2026-02-12,Pune,C84985,Visa,Dining,Male,24636.0,UPI,Zomato,Retail,Declined,BR101
e104907,2026-05-03,Vizag,C73485,RuPay,Groceries,Male,1608.55,NetBanking,Reliance,Retail,Declined,BR124
e104908,2026-04-08,Bengaluru,C46520,Visa,Shopping,Male,19133.22,Credit,Amazon,Travel,Approved,BR118
e104909,2026-04-24,Kolkata,C78707,MasterCard,Travel,Female,14321.77,Credit,Swiggy,Utilities,Approved,BR120
e104910,2026-02-05,Delhi,C32165,Visa,Groceries,Female,16998.61,UPI,HPCL,Travel,Declined,BR131
e104911,2026-02-15,Hyderabad,C96579,Amex,Dining,Male,14161.51,NetBanking,Zomato,Travel,Approved,BR110
e104912,2026-01-31,Chennai,C79846,MasterCard,Fuel,Male,14530.61,NetBanking,Zomato,Fuel,Approved,BR104
e104913,2026-03-19,Delhi,C52802,MasterCard,Travel,Female,9923.4,NetBanking,HPCL,Retail,Approved,BR143
e104914,2026-04-15,Kolkata,C33501,Amex,Fuel,Female,10359.9,Credit,DMart,E-commerce,Approved,BR116
e104915,2026-01-03,Pune,C46955,Visa,Dining,Female,6589.73,Credit,Swiggy,Food,Approved,BR131
e104916,2026-02-17,Pune,C18722,MasterCard,Shopping,Female,9012.77,UPI,IRCTC,Utilities,Approved,BR118
e104917,2026-02-01,Chennai,C91869,MasterCard,Shopping,Female,5270.46,NetBanking,Amazon,Food,Approved,BR137
e104918,2026-01-10,Bengaluru,C80405,Visa,Shopping,Female,7472.33,NetBanking,Reliance,Travel,Declined,BR142
e104919,2026-02-27,Vizag,C59091,MasterCard,Shopping,Male,15242.61,UPI,Amazon,Food,Approved,BR132
e104920,2026-02-13,Mumbai,C93255,Amex,Utilities,Male,677.23,UPI,Reliance,Fuel,Declined,BR117
e104921,2026-03-26,Kolkata,C68265,Visa,Shopping,Female,20303.5,NetBanking,Swiggy,Utilities,Approved,BR148
e104922,2026-03-15,Delhi,C14702,Amex,Shopping,Female,14624.49,Credit,Reliance,Fuel,Approved,BR109
e104923,2026-04-02,Mumbai,C78067,Amex,Shopping,Male,12006.22,Credit,DMart,Retail,Approved,BR111
e104924,2026-03-15,Pune,C75019,MasterCard,Fuel,Female,15069.66,Credit,Swiggy,Food,Approved,BR141
e104925,2026-06-18,Vizag,C57935,RuPay,Dining,Female,18318.71,UPI,Amazon,Travel,Declined,BR111
e104926,2026-04-04,Pune,C13961,Amex,Travel,Male,1581.24,Credit,IOCL,Travel,Declined,BR112
e104927,2026-05-02,Mumbai,C71741,RuPay,Utilities,Male,3090.33,NetBanking,Amazon,Food,Approved,BR135
e104928,2026-06-26,Pune,C18760,MasterCard,Travel,Male,1174.54,NetBanking,HPCL,Travel,Approved,BR137
e104929,2026-01-03,Chennai,C73460,MasterCard,Dining,Female,1843.89,NetBanking,Reliance,Retail,Approved,BR111
e104930,2026-05-24,Mumbai,C24252,Visa,Shopping,Female,3840.24,Credit,DMart,Fuel,Approved,BR140
e104931,2026-06-26,Bengaluru,C58334,RuPay,Fuel,Male,1146.59,UPI,IRCTC,Retail,Declined,BR150
e104932,2026-04-09,Mumbai,C43102,MasterCard,Fuel,Female,3264.13,UPI,Swiggy,Utilities,Declined,BR137
e104933,2026-05-26,Pune,C37601,Amex,Shopping,Female,8743.0,NetBanking,DMart,Travel,Declined,BR102
e104934,2026-06-09,Pune,C21746,Visa,Utilities,Female,20414.43,UPI,Reliance,Travel,Declined,BR121
e104935,2026-01-21,Pune,C75439,Amex,Fuel,Male,7696.53,UPI,Zomato,Utilities,Approved,BR133
e104936,2026-02-06,Hyderabad,C41070,Amex,Utilities,Male,19498.31,Credit,IOCL,Travel,Approved,BR111
e104937,2026-03-26,Delhi,C19856,Amex,Fuel,Female,2525.3,NetBanking,IOCL,Retail,Approved,BR136
e104938,2026-04-01,Chennai,C14727,Amex,Dining,Male,5932.71,NetBanking,IOCL,Travel,Declined,BR118
e104939,2026-03-06,Vizag,C50604,RuPay,Shopping,Male,21560.9,UPI,Swiggy,Retail,Approved,BR112
e104940,2026-06-16,Bengaluru,C93212,Amex,Shopping,Female,21722.54,Credit,HPCL,Retail,Declined,BR142
e104941,2026-02-20,Bengaluru,C44379,Visa,Fuel,Male,9378.37,UPI,DMart,Utilities,Declined,BR136
e104942,2026-06-18,Delhi,C81607,Amex,Utilities,Female,14926.71,UPI,HPCL,Utilities,Declined,BR149
e104943,2026-04-17,Hyderabad,C55303,MasterCard,Fuel,Male,19020.5,Credit,Zomato,E-commerce,Approved,BR116
e104944,2026-04-25,Chennai,C34859,Amex,Travel,Male,22012.47,NetBanking,Zomato,Travel,Approved,BR140
e104945,2026-01-22,Delhi,C42259,Visa,Groceries,Female,7747.42,UPI,IOCL,Travel,Declined,BR103
e104946,2026-01-06,Vizag,C24243,RuPay,Fuel,Female,24693.51,Credit,Reliance,Travel,Declined,BR114
e104947,2026-02-17,Kolkata,C64694,RuPay,Travel,Female,14915.06,NetBanking,Amazon,Utilities,Declined,BR116
e104948,2026-02-09,Delhi,C90251,MasterCard,Shopping,Female,3441.61,Credit,IRCTC,Fuel,Approved,BR120
e104949,2026-05-04,Hyderabad,C96735,RuPay,Shopping,Male,22401.74,Credit,Zomato,Fuel,Approved,BR127
e104950,2026-04-29,Pune,C46822,MasterCard,Utilities,Female,7589.84,UPI,Reliance,Utilities,Approved,BR128
e104951,2026-03-28,Kolkata,C96362,Visa,Travel,Male,8736.02,Credit,IOCL,E-commerce,Approved,BR110
e104952,2026-06-17,Delhi,C25413,MasterCard,Travel,Male,13154.93,UPI,Amazon,Retail,Approved,BR115
e104953,2026-05-20,Delhi,C70157,RuPay,Shopping,Female,5118.08,Credit,Amazon,Retail,Approved,BR134
e104954,2026-02-14,Pune,C51317,Visa,Groceries,Male,20603.77,NetBanking,IOCL,Utilities,Declined,BR130
e104955,2026-06-27,Delhi,C69628,Visa,Travel,Male,4983.04,UPI,HPCL,E-commerce,Declined,BR109
e104956,2026-02-14,Hyderabad,C18145,Amex,Shopping,Female,13043.55,NetBanking,IRCTC,Travel,Approved,BR139
e104957,2026-04-05,Bengaluru,C87986,Visa,Travel,Male,6670.7,UPI,DMart,Retail,Approved,BR106
e104958,2026-05-26,Kolkata,C30300,MasterCard,Groceries,Female,23963.37,NetBanking,HPCL,Utilities,Declined,BR102
e104959,2026-05-28,Bengaluru,C40718,RuPay,Dining,Male,15025.92,NetBanking,IOCL,Retail,Declined,BR148
e104960,2026-01-07,Hyderabad,C18980,Visa,Travel,Female,11483.86,Credit,HPCL,Utilities,Declined,BR124
e104961,2026-03-17,Chennai,C95393,RuPay,Utilities,Female,9979.78,Credit,Swiggy,Utilities,Approved,BR103
e104962,2026-01-22,Kolkata,C30653,Amex,Groceries,Male,14673.76,UPI,HPCL,Fuel,Declined,BR104
e104963,2026-02-25,Bengaluru,C88895,RuPay,Utilities,Female,316.08,UPI,Zomato,E-commerce,Approved,BR147
e104964,2026-03-15,Delhi,C69845,RuPay,Travel,Female,22852.59,Credit,Amazon,Fuel,Declined,BR114
e104965,2026-05-27,Bengaluru,C29941,Visa,Shopping,Male,14193.28,Credit,Zomato,Utilities,Approved,BR135
e104966,2026-04-30,Delhi,C58902,Visa,Utilities,Female,1685.9,UPI,IRCTC,Utilities,Approved,BR110
e104967,2026-02-20,Chennai,C89907,Visa,Fuel,Male,18032.14,NetBanking,Zomato,Fuel,Approved,BR148
e104968,2026-04-27,Hyderabad,C95115,Visa,Shopping,Female,18203.94,NetBanking,IRCTC,E-commerce,Approved,BR130
e104969,2026-05-19,Kolkata,C78952,Visa,Groceries,Female,21739.79,NetBanking,IRCTC,Utilities,Approved,BR131
e104970,2026-04-19,Chennai,C29979,Amex,Groceries,Female,18520.96,NetBanking,DMart,Travel,Declined,BR145
e104971,2026-04-20,Vizag,C15039,MasterCard,Utilities,Female,13484.97,NetBanking,IRCTC,Travel,Declined,BR126
e104972,2026-01-21,Delhi,C11735,Visa,Shopping,Female,6211.85,Credit,DMart,Travel,Approved,BR115
e104973,2026-03-15,Kolkata,C54587,Amex,Dining,Male,24979.03,Credit,Swiggy,Utilities,Declined,BR108
e104974,2026-06-16,Vizag,C74492,RuPay,Fuel,Female,145.17,NetBanking,Swiggy,Utilities,Declined,BR144
e104975,2026-04-01,Chennai,C32618,MasterCard,Dining,Male,9334.85,NetBanking,Swiggy,E-commerce,Declined,BR113
e104976,2026-06-01,Chennai,C80611,MasterCard,Shopping,Male,17074.95,UPI,IRCTC,Retail,Declined,BR115
e104977,2026-03-25,Pune,C64119,Amex,Shopping,Male,14497.22,UPI,Reliance,Retail,Approved,BR131
e104978,2026-02-24,Vizag,C74169,Visa,Utilities,Male,10849.03,NetBanking,HPCL,Fuel,Declined,BR119
e104979,2026-03-29,Hyderabad,C59968,Amex,Groceries,Male,23327.81,UPI,HPCL,Fuel,Approved,BR140
e104980,2026-06-03,Kolkata,C72350,Amex,Travel,Female,19517.67,NetBanking,Swiggy,Retail,Declined,BR121
e104981,2026-01-15,Hyderabad,C84162,RuPay,Travel,Male,16983.72,NetBanking,DMart,Utilities,Approved,BR125
e104982,2026-03-08,Bengaluru,C63902,Amex,Shopping,Male,8775.02,NetBanking,IRCTC,Travel,Declined,BR140
e104983,2026-05-31,Chennai,C86883,Visa,Travel,Male,10245.23,NetBanking,Amazon,Travel,Declined,BR136
e104984,2026-03-26,Bengaluru,C14916,RuPay,Travel,Female,3617.19,Credit,Reliance,Travel,Approved,BR126
e104985,2026-02-15,Kolkata,C16280,Visa,Groceries,Male,24740.9,UPI,IOCL,Food,Declined,BR140
e104986,2026-05-22,Hyderabad,C62559,MasterCard,Travel,Female,14369.24,NetBanking,Zomato,Fuel,Declined,BR129
e104987,2026-01-02,Kolkata,C43673,Visa,Groceries,Male,5132.84,UPI,IRCTC,Fuel,Declined,BR112
e104988,2026-03-26,Hyderabad,C13851,Amex,Fuel,Female,12080.06,NetBanking,IOCL,Food,Approved,BR102
e104989,2026-02-07,Bengaluru,C63215,Visa,Fuel,Female,10539.27,NetBanking,DMart,Utilities,Declined,BR103
e104990,2026-05-15,Bengaluru,C98866,MasterCard,Travel,Male,19045.16,UPI,DMart,Utilities,Declined,BR128
e104991,2026-04-07,Delhi,C50518,Amex,Groceries,Male,11404.01,NetBanking,IOCL,Fuel,Approved,BR103
e104992,2026-02-17,Mumbai,C10971,Amex,Shopping,Male,3241.27,Credit,Swiggy,Fuel,Declined,BR150
e104993,2026-06-18,Chennai,C50049,Visa,Groceries,Female,2530.22,NetBanking,Zomato,E-commerce,Declined,BR124
e104994,2026-05-01,Kolkata,C16672,Amex,Dining,Male,13741.61,Credit,IRCTC,Fuel,Approved,BR105
e104995,2026-04-12,Vizag,C32208,MasterCard,Dining,Female,23107.79,UPI,Amazon,Food,Declined,BR141
e104996,2026-06-28,Kolkata,C59315,Amex,Groceries,Male,13952.03,NetBanking,IRCTC,Travel,Approved,BR130
e104997,2026-02-10,Pune,C87135,Visa,Fuel,Male,10039.98,NetBanking,Swiggy,Fuel,Approved,BR110
e104998,2026-03-20,Hyderabad,C38708,MasterCard,Dining,Female,13104.38,Credit,Swiggy,Utilities,Approved,BR130
e104999,2026-03-29,Chennai,C94004,MasterCard,Dining,Male,10653.42,UPI,Amazon,Retail,Approved,BR135
